2024-12-14 12:41:09,757 - INFO - _batchSize64_numLayer1_hiddenSize64_seq_num80_gap3_accuracy83.11
2024-12-14 12:54:40,077 - INFO - 
              precision    recall  f1-score   support

           0       0.80      0.81      0.80    424211
           1       0.66      0.62      0.64     13392
           2       0.69      0.62      0.65     39197
           3       0.59      0.65      0.62     36870
           4       0.80      0.62      0.70     57554
           5       0.71      0.76      0.74     91803
           6       0.73      0.75      0.74    104237
           7       0.69      0.74      0.72     54736

    accuracy                           0.76    822000
   macro avg       0.71      0.70      0.70    822000
weighted avg       0.76      0.76      0.76    822000

2024-12-14 12:54:40,731 - INFO - 
[[342247   2310   8024  11567   6907  22025  18901  12230]
 [  4318   8349    436    167    105      0     10      7]
 [ 10220   1767  24226   2454    352     54     55     69]
 [ 10187    173   1807  24026    442    146      2     87]
 [ 15541     31    446   2090  35631   2642   1137     36]
 [ 16222      0     17    113    551  69639   4552    709]
 [ 18614      3      8     77    471   2350  77711   5003]
 [  9223      0      0      7    155    701   3998  40652]]
2024-12-14 12:54:40,733 - INFO - _batchSize64_numLayer1_hiddenSize128_seq_num50_gap3_accuracy86.76
2024-12-14 13:08:20,284 - INFO - 
              precision    recall  f1-score   support

           0       0.76      0.81      0.79    427376
           1       0.63      0.53      0.57     13524
           2       0.62      0.60      0.61     39651
           3       0.61      0.57      0.59     37240
           4       0.77      0.59      0.67     58216
           5       0.72      0.72      0.72     92880
           6       0.75      0.70      0.72    105349
           7       0.69      0.67      0.68     55279

    accuracy                           0.74    829515
   macro avg       0.69      0.65      0.67    829515
weighted avg       0.74      0.74      0.74    829515

2024-12-14 13:08:20,962 - INFO - 
[[348060   2958  10703   9647   7288  21002  15666  12052]
 [  5315   7127    944     37     55     21      7     18]
 [ 12358    842  23927   2084    348     36     25     31]
 [ 12894    189   2030  21057    799    194     23     54]
 [ 19446     34    732   1652  34576    666   1061     49]
 [ 21610     66     83    106    874  66529   2774    838]
 [ 24505     46     59     88    913   2546  73748   3444]
 [ 11625     25     46     51    219    873   5628  36812]]
2024-12-14 13:08:20,964 - INFO - _batchSize64_numLayer2_hiddenSize128_seq_num80_gap5_accuracy85.49
2024-12-14 13:22:05,906 - INFO - 
              precision    recall  f1-score   support

           0       0.84      0.73      0.78    424211
           1       0.63      0.65      0.64     13392
           2       0.57      0.70      0.63     39197
           3       0.61      0.62      0.62     36870
           4       0.65      0.76      0.70     57554
           5       0.68      0.81      0.74     91803
           6       0.68      0.78      0.73    104237
           7       0.69      0.74      0.71     54736

    accuracy                           0.74    822000
   macro avg       0.67      0.73      0.70    822000
weighted avg       0.75      0.74      0.74    822000

2024-12-14 13:22:06,558 - INFO - 
[[309995   3664  15571  11412  17099  27830  26542  12098]
 [  3535   8683    802    193    179      0      0      0]
 [  7522   1136  27612   1504   1231     92     94      6]
 [  8118    137   3493  23035   1563    414     79     31]
 [  7879     80    476   1334  43683   2314   1731     57]
 [ 10303     31     56    101   1124  74530   4619   1039]
 [ 11846     14     44     31   1789   3555  81638   5320]
 [  7985      1      9     10    277    872   4819  40763]]
