2024-12-12 13:03:15,108 - INFO - -----------------------------  model_cnnLSTM , seq_num = 30, gap = 3, ----------------------------- 
2024-12-12 13:06:26,241 - INFO - loss = [0.43834746, 0.3657849, 0.32400778, 0.28495023, 0.26475358, 0.24495465, 0.23276536, 0.21453087, 0.2054473, 0.20086314, 0.18628556, 0.18659912, 0.17265461, 0.17322372, 0.1589577, 0.15674435, 0.15100776, 0.1447439, 0.13671066, 0.14671086]
2024-12-12 13:06:26,242 - INFO - lr = [0.004, 0.004, 0.004, 0.004, 0.004, 0.004, 0.004, 0.004, 0.004, 0.004, 0.004, 0.004, 0.004, 0.004, 0.004, 0.004, 0.004, 0.004, 0.004, 0.004]
2024-12-12 13:06:27,540 - INFO - 
tensor([[490, 138,   0,   0,   0,   0,   0,   0],
        [329, 331,   0,   0,   0,   0,   0,   0],
        [  0,   0,   0,   0,   0,   0,   0,   0],
        [  0,   0,   0,   0,   0,   0,   0,   0],
        [  0,   0,   0,   0,   0,   0,   0,   0],
        [  0,   0,   0,   0,   0,   0,   0,   0],
        [  0,   0,   0,   0,   0,   0,   0,   0],
        [  0,   0,   0,   0,   0,   0,   0,   0]])
2024-12-12 13:06:27,541 - INFO - Accuracy on the test data = [63.74223828315735]
2024-12-12 13:06:28,018 - INFO - -----------------------------  model_cnnLSTM , seq_num = 30, gap = 5, ----------------------------- 
2024-12-12 13:08:22,299 - INFO - loss = [0.4770442, 0.3777702, 0.3625131, 0.3438966, 0.3116218, 0.29015034, 0.2765959, 0.26564795, 0.2569558, 0.24651182, 0.23097847, 0.22221452, 0.21302694, 0.2089772, 0.20133153, 0.1914154, 0.18645093, 0.18050647, 0.17371652, 0.16715509]
2024-12-12 13:08:22,301 - INFO - lr = [0.004, 0.004, 0.004, 0.004, 0.004, 0.004, 0.004, 0.004, 0.004, 0.004, 0.004, 0.004, 0.004, 0.004, 0.004, 0.004, 0.004, 0.004, 0.004, 0.004]
2024-12-12 13:08:23,622 - INFO - 
tensor([[599,  29,   0,   0,   0,   0,   0,   0],
        [635,  25,   0,   0,   0,   0,   0,   0],
        [  0,   0,   0,   0,   0,   0,   0,   0],
        [  0,   0,   0,   0,   0,   0,   0,   0],
        [  0,   0,   0,   0,   0,   0,   0,   0],
        [  0,   0,   0,   0,   0,   0,   0,   0],
        [  0,   0,   0,   0,   0,   0,   0,   0],
        [  0,   0,   0,   0,   0,   0,   0,   0]])
2024-12-12 13:08:23,623 - INFO - Accuracy on the test data = [48.447203636169434]
2024-12-12 13:08:24,002 - INFO - -----------------------------  model_cnnLSTM , seq_num = 30, gap = 10, ----------------------------- 
2024-12-12 13:09:16,506 - INFO - loss = [0.58592856, 0.41347003, 0.38706484, 0.3861351, 0.37306613, 0.3656071, 0.3575897, 0.34648123, 0.3320925, 0.3125091, 0.2966276, 0.28651753, 0.28029424, 0.2728074, 0.2663366, 0.25822586, 0.25210583, 0.24488524, 0.24140245, 0.2322827]
2024-12-12 13:09:16,509 - INFO - lr = [0.004, 0.004, 0.004, 0.004, 0.004, 0.004, 0.004, 0.004, 0.004, 0.004, 0.004, 0.004, 0.004, 0.004, 0.004, 0.004, 0.004, 0.004, 0.004, 0.004]
2024-12-12 13:09:17,838 - INFO - 
tensor([[628,   0,   0,   0,   0,   0,   0,   0],
        [660,   0,   0,   0,   0,   0,   0,   0],
        [  0,   0,   0,   0,   0,   0,   0,   0],
        [  0,   0,   0,   0,   0,   0,   0,   0],
        [  0,   0,   0,   0,   0,   0,   0,   0],
        [  0,   0,   0,   0,   0,   0,   0,   0],
        [  0,   0,   0,   0,   0,   0,   0,   0],
        [  0,   0,   0,   0,   0,   0,   0,   0]])
2024-12-12 13:09:17,838 - INFO - Accuracy on the test data = [48.75776469707489]
2024-12-12 13:09:18,181 - INFO - -----------------------------  model_cnnLSTM , seq_num = 30, gap = 15, ----------------------------- 
2024-12-12 13:10:00,533 - INFO - loss = [0.63365084, 0.45635018, 0.43653914, 0.39640245, 0.37875155, 0.37758526, 0.3669841, 0.35820743, 0.3520331, 0.3472319, 0.3424991, 0.33618948, 0.32818475, 0.31425714, 0.30287933, 0.2955017, 0.28854445, 0.2833396, 0.27781224, 0.2708477]
2024-12-12 13:10:00,535 - INFO - lr = [0.004, 0.004, 0.004, 0.004, 0.004, 0.004, 0.004, 0.004, 0.004, 0.004, 0.004, 0.004, 0.004, 0.004, 0.004, 0.004, 0.004, 0.004, 0.004, 0.004]
2024-12-12 13:10:01,987 - INFO - 
tensor([[628,   0,   0,   0,   0,   0,   0,   0],
        [660,   0,   0,   0,   0,   0,   0,   0],
        [  0,   0,   0,   0,   0,   0,   0,   0],
        [  0,   0,   0,   0,   0,   0,   0,   0],
        [  0,   0,   0,   0,   0,   0,   0,   0],
        [  0,   0,   0,   0,   0,   0,   0,   0],
        [  0,   0,   0,   0,   0,   0,   0,   0],
        [  0,   0,   0,   0,   0,   0,   0,   0]])
2024-12-12 13:10:01,987 - INFO - Accuracy on the test data = [48.75776469707489]
2024-12-12 13:10:02,529 - INFO - -----------------------------  model_cnnLSTM , seq_num = 50, gap = 3, ----------------------------- 
2024-12-12 13:13:39,445 - INFO - loss = [0.45553094, 0.3628058, 0.29694793, 0.25296685, 0.22548093, 0.20681356, 0.1862901, 0.17406537, 0.16287191, 0.15269476, 0.14027004, 0.14263262, 0.12752034, 0.117982, 0.11804913, 0.10915376, 0.09712768, 0.0933483, 0.0886048, 0.087990895]
2024-12-12 13:13:39,446 - INFO - lr = [0.004, 0.004, 0.004, 0.004, 0.004, 0.004, 0.004, 0.004, 0.004, 0.004, 0.004, 0.004, 0.004, 0.004, 0.004, 0.004, 0.004, 0.004, 0.004, 0.004]
2024-12-12 13:13:40,800 - INFO - 
tensor([[343, 275,   0,   0,   0,   0,   0,   0],
        [163, 497,   0,   0,   0,   0,   0,   0],
        [  0,   0,   0,   0,   0,   0,   0,   0],
        [  0,   0,   0,   0,   0,   0,   0,   0],
        [  0,   0,   0,   0,   0,   0,   0,   0],
        [  0,   0,   0,   0,   0,   0,   0,   0],
        [  0,   0,   0,   0,   0,   0,   0,   0],
        [  0,   0,   0,   0,   0,   0,   0,   0]])
2024-12-12 13:13:40,801 - INFO - Accuracy on the test data = [65.727698802948]
2024-12-12 13:13:41,254 - INFO - -----------------------------  model_cnnLSTM , seq_num = 50, gap = 5, ----------------------------- 
2024-12-12 13:15:38,103 - INFO - loss = [0.51374817, 0.38580322, 0.36460143, 0.33934176, 0.30023354, 0.26999432, 0.24954176, 0.23558529, 0.22004372, 0.20564663, 0.19195966, 0.18869403, 0.17584509, 0.17252672, 0.16041934, 0.1522116, 0.147845, 0.13984631, 0.13813843, 0.12648454]
2024-12-12 13:15:38,104 - INFO - lr = [0.004, 0.004, 0.004, 0.004, 0.004, 0.004, 0.004, 0.004, 0.004, 0.004, 0.004, 0.004, 0.004, 0.004, 0.004, 0.004, 0.004, 0.004, 0.004, 0.004]
2024-12-12 13:15:39,418 - INFO - 
tensor([[295, 323,   0,   0,   0,   0,   0,   0],
        [172, 488,   0,   0,   0,   0,   0,   0],
        [  0,   0,   0,   0,   0,   0,   0,   0],
        [  0,   0,   0,   0,   0,   0,   0,   0],
        [  0,   0,   0,   0,   0,   0,   0,   0],
        [  0,   0,   0,   0,   0,   0,   0,   0],
        [  0,   0,   0,   0,   0,   0,   0,   0],
        [  0,   0,   0,   0,   0,   0,   0,   0]])
2024-12-12 13:15:39,418 - INFO - Accuracy on the test data = [61.267608404159546]
2024-12-12 13:15:39,784 - INFO - -----------------------------  model_cnnLSTM , seq_num = 50, gap = 10, ----------------------------- 
2024-12-12 13:16:31,414 - INFO - loss = [0.57739323, 0.41439962, 0.38603696, 0.38071924, 0.36700013, 0.35301703, 0.33672163, 0.3115634, 0.284297, 0.26932698, 0.25864607, 0.25027773, 0.24140902, 0.23258741, 0.22553483, 0.22471017, 0.21219309, 0.20128942, 0.19105773, 0.18377535]
2024-12-12 13:16:31,417 - INFO - lr = [0.004, 0.004, 0.004, 0.004, 0.004, 0.004, 0.004, 0.004, 0.004, 0.004, 0.004, 0.004, 0.004, 0.004, 0.004, 0.004, 0.004, 0.004, 0.004, 0.004]
2024-12-12 13:16:32,749 - INFO - 
tensor([[597,  21,   0,   0,   0,   0,   0,   0],
        [508, 152,   0,   0,   0,   0,   0,   0],
        [  0,   0,   0,   0,   0,   0,   0,   0],
        [  0,   0,   0,   0,   0,   0,   0,   0],
        [  0,   0,   0,   0,   0,   0,   0,   0],
        [  0,   0,   0,   0,   0,   0,   0,   0],
        [  0,   0,   0,   0,   0,   0,   0,   0],
        [  0,   0,   0,   0,   0,   0,   0,   0]])
2024-12-12 13:16:32,749 - INFO - Accuracy on the test data = [58.60719680786133]
2024-12-12 13:16:33,165 - INFO - -----------------------------  model_cnnLSTM , seq_num = 50, gap = 15, ----------------------------- 
2024-12-12 13:17:07,272 - INFO - loss = [0.620265, 0.44056818, 0.41484383, 0.38299942, 0.3828155, 0.37374735, 0.36175442, 0.34908643, 0.33261004, 0.31123814, 0.29210874, 0.27902535, 0.27283618, 0.263818, 0.25773814, 0.2504057, 0.24575257, 0.2394558, 0.23536538, 0.22517651]
2024-12-12 13:17:07,273 - INFO - lr = [0.004, 0.004, 0.004, 0.004, 0.004, 0.004, 0.004, 0.004, 0.004, 0.004, 0.004, 0.004, 0.004, 0.004, 0.004, 0.004, 0.004, 0.004, 0.004, 0.004]
2024-12-12 13:17:08,600 - INFO - 
tensor([[618,   0,   0,   0,   0,   0,   0,   0],
        [660,   0,   0,   0,   0,   0,   0,   0],
        [  0,   0,   0,   0,   0,   0,   0,   0],
        [  0,   0,   0,   0,   0,   0,   0,   0],
        [  0,   0,   0,   0,   0,   0,   0,   0],
        [  0,   0,   0,   0,   0,   0,   0,   0],
        [  0,   0,   0,   0,   0,   0,   0,   0],
        [  0,   0,   0,   0,   0,   0,   0,   0]])
2024-12-12 13:17:08,601 - INFO - Accuracy on the test data = [48.356807231903076]
2024-12-12 13:17:09,175 - INFO - -----------------------------  model_cnnLSTM , seq_num = 80, gap = 3, ----------------------------- 
2024-12-12 13:19:42,339 - INFO - loss = [0.43154305, 0.37169048, 0.32450268, 0.25792357, 0.22505, 0.19810666, 0.17568871, 0.15697186, 0.14484073, 0.13229574, 0.12152861, 0.11025072, 0.09814148, 0.09570276, 0.082515806, 0.07567169]
2024-12-12 13:19:42,341 - INFO - lr = [0.004, 0.004, 0.004, 0.004, 0.004, 0.004, 0.004, 0.004, 0.004, 0.004, 0.004, 0.004, 0.004, 0.004, 0.004, 0.004]
2024-12-12 13:19:43,666 - INFO - 
tensor([[283, 334,   0,   0,   0,   0,   0,   0],
        [ 60, 586,   0,   0,   0,   0,   0,   0],
        [  0,   0,   0,   0,   0,   0,   0,   0],
        [  0,   0,   0,   0,   0,   0,   0,   0],
        [  0,   0,   0,   0,   0,   0,   0,   0],
        [  0,   0,   0,   0,   0,   0,   0,   0],
        [  0,   0,   0,   0,   0,   0,   0,   0],
        [  0,   0,   0,   0,   0,   0,   0,   0]])
2024-12-12 13:19:43,667 - INFO - Accuracy on the test data = [68.80443096160889]
2024-12-12 13:19:44,267 - INFO - -----------------------------  model_cnnLSTM , seq_num = 80, gap = 5, ----------------------------- 
2024-12-12 13:21:40,970 - INFO - loss = [0.48647588, 0.3833276, 0.36084664, 0.3313656, 0.2819124, 0.24879876, 0.23001252, 0.21911445, 0.20360468, 0.1877884, 0.17661959, 0.16091047, 0.15999681, 0.14540681, 0.13329485, 0.1316657, 0.119622976, 0.114552945, 0.104156226, 0.09620603]
2024-12-12 13:21:40,972 - INFO - lr = [0.004, 0.004, 0.004, 0.004, 0.004, 0.004, 0.004, 0.004, 0.004, 0.004, 0.004, 0.004, 0.004, 0.004, 0.004, 0.004, 0.004, 0.004, 0.004, 0.004]
2024-12-12 13:21:42,275 - INFO - 
tensor([[432, 185,   0,   0,   0,   0,   0,   0],
        [149, 497,   0,   0,   0,   0,   0,   0],
        [  0,   0,   0,   0,   0,   0,   0,   0],
        [  0,   0,   0,   0,   0,   0,   0,   0],
        [  0,   0,   0,   0,   0,   0,   0,   0],
        [  0,   0,   0,   0,   0,   0,   0,   0],
        [  0,   0,   0,   0,   0,   0,   0,   0],
        [  0,   0,   0,   0,   0,   0,   0,   0]])
2024-12-12 13:21:42,275 - INFO - Accuracy on the test data = [73.55502843856812]
2024-12-12 13:21:42,650 - INFO - -----------------------------  model_cnnLSTM , seq_num = 80, gap = 10, ----------------------------- 
2024-12-12 13:22:40,556 - INFO - loss = [0.57170427, 0.409946, 0.38270056, 0.38108236, 0.3721277, 0.36009866, 0.34503147, 0.32407308, 0.29587644, 0.2721635, 0.2554701, 0.2432548, 0.23231855, 0.2209212, 0.21132156, 0.20284434, 0.19271906, 0.18578824, 0.17481667, 0.16810441]
2024-12-12 13:22:40,559 - INFO - lr = [0.004, 0.004, 0.004, 0.004, 0.004, 0.004, 0.004, 0.004, 0.004, 0.004, 0.004, 0.004, 0.004, 0.004, 0.004, 0.004, 0.004, 0.004, 0.004, 0.004]
2024-12-12 13:22:41,874 - INFO - 
tensor([[617,   0,   0,   0,   0,   0,   0,   0],
        [531, 115,   0,   0,   0,   0,   0,   0],
        [  0,   0,   0,   0,   0,   0,   0,   0],
        [  0,   0,   0,   0,   0,   0,   0,   0],
        [  0,   0,   0,   0,   0,   0,   0,   0],
        [  0,   0,   0,   0,   0,   0,   0,   0],
        [  0,   0,   0,   0,   0,   0,   0,   0],
        [  0,   0,   0,   0,   0,   0,   0,   0]])
2024-12-12 13:22:41,875 - INFO - Accuracy on the test data = [57.95724391937256]
2024-12-12 13:22:42,206 - INFO - -----------------------------  model_cnnLSTM , seq_num = 80, gap = 15, ----------------------------- 
2024-12-12 13:23:20,207 - INFO - loss = [0.6534407, 0.45650688, 0.43381545, 0.3980408, 0.38239995, 0.3849056, 0.3739036, 0.3660829, 0.35723296, 0.3486557, 0.3396506, 0.33087763, 0.3184092, 0.3035797, 0.2836021, 0.2686626, 0.257308, 0.24907614, 0.2415102, 0.23427694]
2024-12-12 13:23:20,209 - INFO - lr = [0.004, 0.004, 0.004, 0.004, 0.004, 0.004, 0.004, 0.004, 0.004, 0.004, 0.004, 0.004, 0.004, 0.004, 0.004, 0.004, 0.004, 0.004, 0.004, 0.004]
2024-12-12 13:23:21,503 - INFO - 
tensor([[617,   0,   0,   0,   0,   0,   0,   0],
        [646,   0,   0,   0,   0,   0,   0,   0],
        [  0,   0,   0,   0,   0,   0,   0,   0],
        [  0,   0,   0,   0,   0,   0,   0,   0],
        [  0,   0,   0,   0,   0,   0,   0,   0],
        [  0,   0,   0,   0,   0,   0,   0,   0],
        [  0,   0,   0,   0,   0,   0,   0,   0],
        [  0,   0,   0,   0,   0,   0,   0,   0]])
2024-12-12 13:23:21,503 - INFO - Accuracy on the test data = [48.85194003582001]
2024-12-12 13:23:22,252 - INFO - -----------------------------  model_cnnLSTM , seq_num = 100, gap = 3, ----------------------------- 
2024-12-12 13:25:51,215 - INFO - loss = [0.47594708, 0.3737865, 0.33439207, 0.27302316, 0.22874102, 0.20090261, 0.17817885, 0.15913604, 0.14060174, 0.12594679, 0.114893526, 0.10370733, 0.091621965, 0.083193146, 0.074805126]
2024-12-12 13:25:51,216 - INFO - lr = [0.004, 0.004, 0.004, 0.004, 0.004, 0.004, 0.004, 0.004, 0.004, 0.004, 0.004, 0.004, 0.004, 0.004, 0.004]
2024-12-12 13:25:52,530 - INFO - 
tensor([[355, 262,   0,   0,   0,   0,   0,   0],
        [ 16, 620,   0,   0,   0,   0,   0,   0],
        [  0,   0,   0,   0,   0,   0,   0,   0],
        [  0,   0,   0,   0,   0,   0,   0,   0],
        [  0,   0,   0,   0,   0,   0,   0,   0],
        [  0,   0,   0,   0,   0,   0,   0,   0],
        [  0,   0,   0,   0,   0,   0,   0,   0],
        [  0,   0,   0,   0,   0,   0,   0,   0]])
2024-12-12 13:25:52,530 - INFO - Accuracy on the test data = [77.81324982643127]
2024-12-12 13:25:53,173 - INFO - -----------------------------  model_cnnLSTM , seq_num = 100, gap = 5, ----------------------------- 
2024-12-12 13:27:50,463 - INFO - loss = [0.5077271, 0.39053053, 0.36896142, 0.3321039, 0.2795991, 0.241532, 0.21492186, 0.19173604, 0.17560661, 0.16465351, 0.14964646, 0.13919912, 0.13198647, 0.12038846, 0.11255215, 0.1058286, 0.092375904, 0.08889413, 0.086497694, 0.07466661]
2024-12-12 13:27:50,465 - INFO - lr = [0.004, 0.004, 0.004, 0.004, 0.004, 0.004, 0.004, 0.004, 0.004, 0.004, 0.004, 0.004, 0.004, 0.004, 0.004, 0.004, 0.004, 0.004, 0.004, 0.004]
2024-12-12 13:27:51,798 - INFO - 
tensor([[163, 454,   0,   0,   0,   0,   0,   0],
        [ 11, 625,   0,   0,   0,   0,   0,   0],
        [  0,   0,   0,   0,   0,   0,   0,   0],
        [  0,   0,   0,   0,   0,   0,   0,   0],
        [  0,   0,   0,   0,   0,   0,   0,   0],
        [  0,   0,   0,   0,   0,   0,   0,   0],
        [  0,   0,   0,   0,   0,   0,   0,   0],
        [  0,   0,   0,   0,   0,   0,   0,   0]])
2024-12-12 13:27:51,798 - INFO - Accuracy on the test data = [62.889063358306885]
2024-12-12 13:27:52,208 - INFO - -----------------------------  model_cnnLSTM , seq_num = 100, gap = 10, ----------------------------- 
2024-12-12 13:28:50,689 - INFO - loss = [0.53695726, 0.38386106, 0.38210824, 0.37670594, 0.36287105, 0.34124398, 0.31604075, 0.28276312, 0.26046735, 0.24525708, 0.23316546, 0.22624606, 0.21779445, 0.20858084, 0.20161912, 0.19220981, 0.191118, 0.17811286, 0.16981632, 0.16227064]
2024-12-12 13:28:50,692 - INFO - lr = [0.004, 0.004, 0.004, 0.004, 0.004, 0.004, 0.004, 0.004, 0.004, 0.004, 0.004, 0.004, 0.004, 0.004, 0.004, 0.004, 0.004, 0.004, 0.004, 0.004]
2024-12-12 13:28:51,976 - INFO - 
tensor([[601,  16,   0,   0,   0,   0,   0,   0],
        [605,  31,   0,   0,   0,   0,   0,   0],
        [  0,   0,   0,   0,   0,   0,   0,   0],
        [  0,   0,   0,   0,   0,   0,   0,   0],
        [  0,   0,   0,   0,   0,   0,   0,   0],
        [  0,   0,   0,   0,   0,   0,   0,   0],
        [  0,   0,   0,   0,   0,   0,   0,   0],
        [  0,   0,   0,   0,   0,   0,   0,   0]])
2024-12-12 13:28:51,976 - INFO - Accuracy on the test data = [50.43894648551941]
2024-12-12 13:28:52,423 - INFO - -----------------------------  model_cnnLSTM , seq_num = 100, gap = 15, ----------------------------- 
2024-12-12 13:29:30,698 - INFO - loss = [0.6282041, 0.4510726, 0.42147946, 0.38981533, 0.3861657, 0.38348866, 0.37275636, 0.36108208, 0.34786585, 0.33545175, 0.31735292, 0.29418033, 0.26961485, 0.25248843, 0.2422086, 0.23221672, 0.22423206, 0.21767884, 0.20917611, 0.20144765]
2024-12-12 13:29:30,700 - INFO - lr = [0.004, 0.004, 0.004, 0.004, 0.004, 0.004, 0.004, 0.004, 0.004, 0.004, 0.004, 0.004, 0.004, 0.004, 0.004, 0.004, 0.004, 0.004, 0.004, 0.004]
2024-12-12 13:29:32,000 - INFO - 
tensor([[617,   0,   0,   0,   0,   0,   0,   0],
        [636,   0,   0,   0,   0,   0,   0,   0],
        [  0,   0,   0,   0,   0,   0,   0,   0],
        [  0,   0,   0,   0,   0,   0,   0,   0],
        [  0,   0,   0,   0,   0,   0,   0,   0],
        [  0,   0,   0,   0,   0,   0,   0,   0],
        [  0,   0,   0,   0,   0,   0,   0,   0],
        [  0,   0,   0,   0,   0,   0,   0,   0]])
2024-12-12 13:29:32,000 - INFO - Accuracy on the test data = [49.241819977760315]
2024-12-12 13:29:32,898 - INFO - -----------------------------  model_cnnLSTM , seq_num = 150, gap = 3, ----------------------------- 
2024-12-12 13:31:42,249 - INFO - loss = [0.45192596, 0.36080852, 0.29507825, 0.2303578, 0.19328491, 0.16515666, 0.14687665, 0.123270355, 0.11111777, 0.09818316, 0.090822175, 0.08079482, 0.06430531]
2024-12-12 13:31:42,252 - INFO - lr = [0.004, 0.004, 0.004, 0.004, 0.004, 0.004, 0.004, 0.004, 0.004, 0.004, 0.004, 0.004, 0.004]
2024-12-12 13:31:43,533 - INFO - 
tensor([[290, 327,   0,   0,   0,   0,   0,   0],
        [  0, 611,   0,   0,   0,   0,   0,   0],
        [  0,   0,   0,   0,   0,   0,   0,   0],
        [  0,   0,   0,   0,   0,   0,   0,   0],
        [  0,   0,   0,   0,   0,   0,   0,   0],
        [  0,   0,   0,   0,   0,   0,   0,   0],
        [  0,   0,   0,   0,   0,   0,   0,   0],
        [  0,   0,   0,   0,   0,   0,   0,   0]])
2024-12-12 13:31:43,534 - INFO - Accuracy on the test data = [73.37133288383484]
2024-12-12 13:31:44,165 - INFO - -----------------------------  model_cnnLSTM , seq_num = 150, gap = 5, ----------------------------- 
2024-12-12 13:33:29,031 - INFO - loss = [0.50926137, 0.38910574, 0.36665952, 0.32631445, 0.2614646, 0.22637749, 0.20112886, 0.17800865, 0.16073713, 0.14378037, 0.13833055, 0.12199442, 0.10749191, 0.112405926, 0.09432476, 0.08634177, 0.07559157]
2024-12-12 13:33:29,033 - INFO - lr = [0.004, 0.004, 0.004, 0.004, 0.004, 0.004, 0.004, 0.004, 0.004, 0.004, 0.004, 0.004, 0.004, 0.004, 0.004, 0.004, 0.004]
2024-12-12 13:33:30,311 - INFO - 
tensor([[134, 483,   0,   0,   0,   0,   0,   0],
        [  0, 611,   0,   0,   0,   0,   0,   0],
        [  0,   0,   0,   0,   0,   0,   0,   0],
        [  0,   0,   0,   0,   0,   0,   0,   0],
        [  0,   0,   0,   0,   0,   0,   0,   0],
        [  0,   0,   0,   0,   0,   0,   0,   0],
        [  0,   0,   0,   0,   0,   0,   0,   0],
        [  0,   0,   0,   0,   0,   0,   0,   0]])
2024-12-12 13:33:30,311 - INFO - Accuracy on the test data = [60.66775321960449]
2024-12-12 13:33:30,752 - INFO - -----------------------------  model_cnnLSTM , seq_num = 150, gap = 10, ----------------------------- 
2024-12-12 13:34:30,762 - INFO - loss = [0.5551466, 0.40834367, 0.3834063, 0.37937236, 0.3736962, 0.35883307, 0.34510565, 0.326917, 0.30099338, 0.2687749, 0.24935919, 0.23784846, 0.2285542, 0.21804848, 0.21008453, 0.20213509, 0.19064826, 0.18499973, 0.17631021, 0.16743696]
2024-12-12 13:34:30,764 - INFO - lr = [0.004, 0.004, 0.004, 0.004, 0.004, 0.004, 0.004, 0.004, 0.004, 0.004, 0.004, 0.004, 0.004, 0.004, 0.004, 0.004, 0.004, 0.004, 0.004, 0.004]
2024-12-12 13:34:32,040 - INFO - 
tensor([[617,   0,   0,   0,   0,   0,   0,   0],
        [611,   0,   0,   0,   0,   0,   0,   0],
        [  0,   0,   0,   0,   0,   0,   0,   0],
        [  0,   0,   0,   0,   0,   0,   0,   0],
        [  0,   0,   0,   0,   0,   0,   0,   0],
        [  0,   0,   0,   0,   0,   0,   0,   0],
        [  0,   0,   0,   0,   0,   0,   0,   0],
        [  0,   0,   0,   0,   0,   0,   0,   0]])
2024-12-12 13:34:32,041 - INFO - Accuracy on the test data = [50.244301557540894]
2024-12-12 13:34:32,410 - INFO - -----------------------------  model_cnnLSTM , seq_num = 150, gap = 15, ----------------------------- 
2024-12-12 13:35:12,254 - INFO - loss = [0.6400792, 0.4615167, 0.43689215, 0.40516028, 0.3853935, 0.389551, 0.37713727, 0.36290637, 0.3522973, 0.33793822, 0.32089958, 0.3001108, 0.2783518, 0.25704607, 0.24484366, 0.23780794, 0.22688498, 0.21623571, 0.20669226, 0.19930828]
2024-12-12 13:35:12,256 - INFO - lr = [0.004, 0.004, 0.004, 0.004, 0.004, 0.004, 0.004, 0.004, 0.004, 0.004, 0.004, 0.004, 0.004, 0.004, 0.004, 0.004, 0.004, 0.004, 0.004, 0.004]
2024-12-12 13:35:13,511 - INFO - 
tensor([[613,   4,   0,   0,   0,   0,   0,   0],
        [466, 145,   0,   0,   0,   0,   0,   0],
        [  0,   0,   0,   0,   0,   0,   0,   0],
        [  0,   0,   0,   0,   0,   0,   0,   0],
        [  0,   0,   0,   0,   0,   0,   0,   0],
        [  0,   0,   0,   0,   0,   0,   0,   0],
        [  0,   0,   0,   0,   0,   0,   0,   0],
        [  0,   0,   0,   0,   0,   0,   0,   0]])
2024-12-12 13:35:13,512 - INFO - Accuracy on the test data = [61.72638535499573]
2024-12-12 13:35:14,471 - INFO - -----------------------------  model_cnnLSTM , seq_num = 200, gap = 3, ----------------------------- 
2024-12-12 13:37:00,814 - INFO - loss = [0.46630973, 0.35281256, 0.26198068, 0.20854124, 0.17917131, 0.15003668, 0.12944485, 0.106685765, 0.0962255, 0.07677783]
2024-12-12 13:37:00,818 - INFO - lr = [0.004, 0.004, 0.004, 0.004, 0.004, 0.004, 0.004, 0.004, 0.004, 0.004]
2024-12-12 13:37:02,088 - INFO - 
tensor([[260, 357,   0,   0,   0,   0,   0,   0],
        [  0, 586,   0,   0,   0,   0,   0,   0],
        [  0,   0,   0,   0,   0,   0,   0,   0],
        [  0,   0,   0,   0,   0,   0,   0,   0],
        [  0,   0,   0,   0,   0,   0,   0,   0],
        [  0,   0,   0,   0,   0,   0,   0,   0],
        [  0,   0,   0,   0,   0,   0,   0,   0],
        [  0,   0,   0,   0,   0,   0,   0,   0]])
2024-12-12 13:37:02,088 - INFO - Accuracy on the test data = [70.32418847084045]
2024-12-12 13:37:02,808 - INFO - -----------------------------  model_cnnLSTM , seq_num = 200, gap = 5, ----------------------------- 
2024-12-12 13:38:50,181 - INFO - loss = [0.51489973, 0.39268708, 0.36438343, 0.3259764, 0.2832743, 0.23749486, 0.21168527, 0.19185382, 0.16987352, 0.14733617, 0.13404663, 0.12856978, 0.12244983, 0.10648097, 0.0914969, 0.084186606, 0.07372285]
2024-12-12 13:38:50,183 - INFO - lr = [0.004, 0.004, 0.004, 0.004, 0.004, 0.004, 0.004, 0.004, 0.004, 0.004, 0.004, 0.004, 0.004, 0.004, 0.004, 0.004, 0.004]
2024-12-12 13:38:51,441 - INFO - 
tensor([[303, 314,   0,   0,   0,   0,   0,   0],
        [ 14, 572,   0,   0,   0,   0,   0,   0],
        [  0,   0,   0,   0,   0,   0,   0,   0],
        [  0,   0,   0,   0,   0,   0,   0,   0],
        [  0,   0,   0,   0,   0,   0,   0,   0],
        [  0,   0,   0,   0,   0,   0,   0,   0],
        [  0,   0,   0,   0,   0,   0,   0,   0],
        [  0,   0,   0,   0,   0,   0,   0,   0]])
2024-12-12 13:38:51,442 - INFO - Accuracy on the test data = [72.7348268032074]
2024-12-12 13:38:52,015 - INFO - -----------------------------  model_cnnLSTM , seq_num = 200, gap = 10, ----------------------------- 
2024-12-12 13:39:53,729 - INFO - loss = [0.63439924, 0.42404407, 0.40601185, 0.38350183, 0.37058342, 0.34828618, 0.32440352, 0.28912517, 0.2538571, 0.23707369, 0.22434364, 0.21176223, 0.20411181, 0.19622497, 0.18610992, 0.17099008, 0.1629807, 0.15205427, 0.1411123, 0.13212246]
2024-12-12 13:39:53,733 - INFO - lr = [0.004, 0.004, 0.004, 0.004, 0.004, 0.004, 0.004, 0.004, 0.004, 0.004, 0.004, 0.004, 0.004, 0.004, 0.004, 0.004, 0.004, 0.004, 0.004, 0.004]
2024-12-12 13:39:54,988 - INFO - 
tensor([[282, 335,   0,   0,   0,   0,   0,   0],
        [  0, 586,   0,   0,   0,   0,   0,   0],
        [  0,   0,   0,   0,   0,   0,   0,   0],
        [  0,   0,   0,   0,   0,   0,   0,   0],
        [  0,   0,   0,   0,   0,   0,   0,   0],
        [  0,   0,   0,   0,   0,   0,   0,   0],
        [  0,   0,   0,   0,   0,   0,   0,   0],
        [  0,   0,   0,   0,   0,   0,   0,   0]])
2024-12-12 13:39:54,989 - INFO - Accuracy on the test data = [72.1529483795166]
2024-12-12 13:39:55,386 - INFO - -----------------------------  model_cnnLSTM , seq_num = 200, gap = 15, ----------------------------- 
2024-12-12 13:40:36,059 - INFO - loss = [0.595556, 0.42945823, 0.39196602, 0.382722, 0.39215943, 0.36889187, 0.36292848, 0.3480098, 0.32362807, 0.28797498, 0.2561911, 0.24196608, 0.233801, 0.22562854, 0.21867973, 0.21181607, 0.20372455, 0.19443016, 0.19112913, 0.18262553]
2024-12-12 13:40:36,062 - INFO - lr = [0.004, 0.004, 0.004, 0.004, 0.004, 0.004, 0.004, 0.004, 0.004, 0.004, 0.004, 0.004, 0.004, 0.004, 0.004, 0.004, 0.004, 0.004, 0.004, 0.004]
2024-12-12 13:40:37,269 - INFO - 
tensor([[617,   0,   0,   0,   0,   0,   0,   0],
        [586,   0,   0,   0,   0,   0,   0,   0],
        [  0,   0,   0,   0,   0,   0,   0,   0],
        [  0,   0,   0,   0,   0,   0,   0,   0],
        [  0,   0,   0,   0,   0,   0,   0,   0],
        [  0,   0,   0,   0,   0,   0,   0,   0],
        [  0,   0,   0,   0,   0,   0,   0,   0],
        [  0,   0,   0,   0,   0,   0,   0,   0]])
2024-12-12 13:40:37,270 - INFO - Accuracy on the test data = [51.28844380378723]
