
2024-12-12 13:40:49,142 - INFO - -----------------------------  model_cnnLSTM , seq_num = 30, gap = 3, ----------------------------- 
2024-12-12 13:43:31,124 - INFO - loss = [0.44178692, 0.384177, 0.37700933, 0.36782545, 0.33417973, 0.28761834, 0.2651853, 0.24486445, 0.2295551, 0.21400501, 0.20401263, 0.19553828, 0.18435982, 0.18251604, 0.17390123, 0.16466409, 0.16105627, 0.15491332, 0.15735084, 0.14589089]
2024-12-12 13:43:31,126 - INFO - lr = [0.004, 0.004, 0.004, 0.004, 0.004, 0.004, 0.004, 0.004, 0.004, 0.004, 0.004, 0.004, 0.004, 0.004, 0.004, 0.004, 0.004, 0.004, 0.004, 0.004]
2024-12-12 13:43:32,414 - INFO - 
tensor([[611,  17,   0,   0,   0,   0,   0,   0],
        [600,  60,   0,   0,   0,   0,   0,   0],
        [  0,   0,   0,   0,   0,   0,   0,   0],
        [  0,   0,   0,   0,   0,   0,   0,   0],
        [  0,   0,   0,   0,   0,   0,   0,   0],
        [  0,   0,   0,   0,   0,   0,   0,   0],
        [  0,   0,   0,   0,   0,   0,   0,   0],
        [  0,   0,   0,   0,   0,   0,   0,   0]])
2024-12-12 13:43:32,415 - INFO - Accuracy on the test data = [52.09627151489258]
2024-12-12 13:43:32,856 - INFO - -----------------------------  model_cnnLSTM , seq_num = 30, gap = 5, ----------------------------- 
2024-12-12 13:45:11,041 - INFO - loss = [0.46788013, 0.38791388, 0.38234693, 0.37770194, 0.37443656, 0.36832792, 0.35534346, 0.33533388, 0.30240715, 0.2842357, 0.2698716, 0.25930768, 0.24561507, 0.23291491, 0.22901788, 0.2161302, 0.20708244, 0.19935083, 0.20245185, 0.19474812]
2024-12-12 13:45:11,043 - INFO - lr = [0.004, 0.004, 0.004, 0.004, 0.004, 0.004, 0.004, 0.004, 0.004, 0.004, 0.004, 0.004, 0.004, 0.004, 0.004, 0.004, 0.004, 0.004, 0.004, 0.004]
2024-12-12 13:45:12,347 - INFO - 
tensor([[511, 117,   0,   0,   0,   0,   0,   0],
        [494, 166,   0,   0,   0,   0,   0,   0],
        [  0,   0,   0,   0,   0,   0,   0,   0],
        [  0,   0,   0,   0,   0,   0,   0,   0],
        [  0,   0,   0,   0,   0,   0,   0,   0],
        [  0,   0,   0,   0,   0,   0,   0,   0],
        [  0,   0,   0,   0,   0,   0,   0,   0],
        [  0,   0,   0,   0,   0,   0,   0,   0]])
2024-12-12 13:45:12,348 - INFO - Accuracy on the test data = [52.562111616134644]
2024-12-12 13:45:12,675 - INFO - -----------------------------  model_cnnLSTM , seq_num = 30, gap = 10, ----------------------------- 
2024-12-12 13:46:01,592 - INFO - loss = [0.5393839, 0.40896228, 0.38933867, 0.3882111, 0.38428354, 0.38183588, 0.37993217, 0.37736127, 0.37558848, 0.37359348, 0.37180957, 0.36998844, 0.36492214, 0.35687715, 0.34862778, 0.33929357, 0.32738996, 0.30974397, 0.3011832, 0.29251486]
2024-12-12 13:46:01,595 - INFO - lr = [0.004, 0.004, 0.004, 0.004, 0.004, 0.004, 0.004, 0.004, 0.004, 0.004, 0.004, 0.004, 0.004, 0.004, 0.004, 0.004, 0.004, 0.004, 0.004, 0.004]
2024-12-12 13:46:02,883 - INFO - 
tensor([[628,   0,   0,   0,   0,   0,   0,   0],
        [660,   0,   0,   0,   0,   0,   0,   0],
        [  0,   0,   0,   0,   0,   0,   0,   0],
        [  0,   0,   0,   0,   0,   0,   0,   0],
        [  0,   0,   0,   0,   0,   0,   0,   0],
        [  0,   0,   0,   0,   0,   0,   0,   0],
        [  0,   0,   0,   0,   0,   0,   0,   0],
        [  0,   0,   0,   0,   0,   0,   0,   0]])
2024-12-12 13:46:02,884 - INFO - Accuracy on the test data = [48.75776469707489]
2024-12-12 13:46:03,172 - INFO - -----------------------------  model_cnnLSTM , seq_num = 30, gap = 15, ----------------------------- 
2024-12-12 13:46:35,508 - INFO - loss = [0.6241675, 0.41575015, 0.41031066, 0.39111176, 0.39537144, 0.38651744, 0.38808084, 0.3860421, 0.38225508, 0.38243774, 0.37975788, 0.37862352, 0.376966, 0.3745531, 0.37210616, 0.36820376, 0.3620576, 0.35343635, 0.33955184, 0.3250948]
2024-12-12 13:46:35,510 - INFO - lr = [0.004, 0.004, 0.004, 0.004, 0.004, 0.004, 0.004, 0.004, 0.004, 0.004, 0.004, 0.004, 0.004, 0.004, 0.004, 0.004, 0.004, 0.004, 0.004, 0.004]
2024-12-12 13:46:36,803 - INFO - 
tensor([[628,   0,   0,   0,   0,   0,   0,   0],
        [660,   0,   0,   0,   0,   0,   0,   0],
        [  0,   0,   0,   0,   0,   0,   0,   0],
        [  0,   0,   0,   0,   0,   0,   0,   0],
        [  0,   0,   0,   0,   0,   0,   0,   0],
        [  0,   0,   0,   0,   0,   0,   0,   0],
        [  0,   0,   0,   0,   0,   0,   0,   0],
        [  0,   0,   0,   0,   0,   0,   0,   0]])
2024-12-12 13:46:36,805 - INFO - Accuracy on the test data = [48.75776469707489]
2024-12-12 13:46:37,382 - INFO - -----------------------------  model_cnnLSTM , seq_num = 50, gap = 3, ----------------------------- 
2024-12-12 13:49:19,853 - INFO - loss = [0.443584, 0.38321134, 0.37577644, 0.35780624, 0.29352915, 0.2595093, 0.23690966, 0.21648763, 0.19631375, 0.18072851, 0.16511652, 0.15543176, 0.14420249, 0.13555178, 0.12571657, 0.11919698, 0.111776575, 0.101151, 0.09319591, 0.08797534]
2024-12-12 13:49:19,854 - INFO - lr = [0.004, 0.004, 0.004, 0.004, 0.004, 0.004, 0.004, 0.004, 0.004, 0.004, 0.004, 0.004, 0.004, 0.004, 0.004, 0.004, 0.004, 0.004, 0.004, 0.004]
2024-12-12 13:49:21,129 - INFO - 
tensor([[360, 258,   0,   0,   0,   0,   0,   0],
        [251, 408,   0,   0,   0,   0,   1,   0],
        [  0,   0,   0,   0,   0,   0,   0,   0],
        [  0,   0,   0,   0,   0,   0,   0,   0],
        [  0,   0,   0,   0,   0,   0,   0,   0],
        [  0,   0,   0,   0,   0,   0,   0,   0],
        [  0,   0,   0,   0,   0,   0,   0,   0],
        [  0,   0,   0,   0,   0,   0,   0,   0]])
2024-12-12 13:49:21,130 - INFO - Accuracy on the test data = [60.093897581100464]
2024-12-12 13:49:21,632 - INFO - -----------------------------  model_cnnLSTM , seq_num = 50, gap = 5, ----------------------------- 
2024-12-12 13:51:08,333 - INFO - loss = [0.46150568, 0.3882114, 0.38332385, 0.37881333, 0.3736385, 0.36203134, 0.32528234, 0.27901763, 0.25560623, 0.24197182, 0.22427376, 0.20662977, 0.1948068, 0.18375614, 0.17148376, 0.1648761, 0.1552457, 0.14753532, 0.13615204, 0.12913048]
2024-12-12 13:51:08,336 - INFO - lr = [0.004, 0.004, 0.004, 0.004, 0.004, 0.004, 0.004, 0.004, 0.004, 0.004, 0.004, 0.004, 0.004, 0.004, 0.004, 0.004, 0.004, 0.004, 0.004, 0.004]
2024-12-12 13:51:09,776 - INFO - 
tensor([[479, 133,   6,   0,   0,   0,   0,   0],
        [361, 299,   0,   0,   0,   0,   0,   0],
        [  0,   0,   0,   0,   0,   0,   0,   0],
        [  0,   0,   0,   0,   0,   0,   0,   0],
        [  0,   0,   0,   0,   0,   0,   0,   0],
        [  0,   0,   0,   0,   0,   0,   0,   0],
        [  0,   0,   0,   0,   0,   0,   0,   0],
        [  0,   0,   0,   0,   0,   0,   0,   0]])
2024-12-12 13:51:09,777 - INFO - Accuracy on the test data = [60.87636947631836]
2024-12-12 13:51:10,113 - INFO - -----------------------------  model_cnnLSTM , seq_num = 50, gap = 10, ----------------------------- 
2024-12-12 13:52:12,447 - INFO - loss = [0.5464738, 0.4124335, 0.39109948, 0.38962677, 0.3855747, 0.3839088, 0.38175693, 0.37897232, 0.37538, 0.36960685, 0.36019844, 0.34038007, 0.31111753, 0.28921795, 0.27609468, 0.26603848, 0.25935727, 0.25064787, 0.24285644, 0.23520193]
2024-12-12 13:52:12,451 - INFO - lr = [0.004, 0.004, 0.004, 0.004, 0.004, 0.004, 0.004, 0.004, 0.004, 0.004, 0.004, 0.004, 0.004, 0.004, 0.004, 0.004, 0.004, 0.004, 0.004, 0.004]
2024-12-12 13:52:13,808 - INFO - 
tensor([[609,   0,   0,   0,   0,   0,   0,   9],
        [656,   0,   0,   3,   0,   1,   0,   0],
        [  0,   0,   0,   0,   0,   0,   0,   0],
        [  0,   0,   0,   0,   0,   0,   0,   0],
        [  0,   0,   0,   0,   0,   0,   0,   0],
        [  0,   0,   0,   0,   0,   0,   0,   0],
        [  0,   0,   0,   0,   0,   0,   0,   0],
        [  0,   0,   0,   0,   0,   0,   0,   0]])
2024-12-12 13:52:13,809 - INFO - Accuracy on the test data = [47.652581334114075]
2024-12-12 13:52:14,095 - INFO - -----------------------------  model_cnnLSTM , seq_num = 50, gap = 15, ----------------------------- 
2024-12-12 13:52:55,477 - INFO - loss = [0.5568513, 0.40996352, 0.39590454, 0.39254284, 0.38931584, 0.38513064, 0.38675764, 0.38245296, 0.38205945, 0.37966314, 0.37831303, 0.3770376, 0.374539, 0.37034425, 0.36346564, 0.3521653, 0.33617198, 0.31465626, 0.29123843, 0.27469018]
2024-12-12 13:52:55,479 - INFO - lr = [0.004, 0.004, 0.004, 0.004, 0.004, 0.004, 0.004, 0.004, 0.004, 0.004, 0.004, 0.004, 0.004, 0.004, 0.004, 0.004, 0.004, 0.004, 0.004, 0.004]
2024-12-12 13:52:56,817 - INFO - 
tensor([[618,   0,   0,   0,   0,   0,   0,   0],
        [660,   0,   0,   0,   0,   0,   0,   0],
        [  0,   0,   0,   0,   0,   0,   0,   0],
        [  0,   0,   0,   0,   0,   0,   0,   0],
        [  0,   0,   0,   0,   0,   0,   0,   0],
        [  0,   0,   0,   0,   0,   0,   0,   0],
        [  0,   0,   0,   0,   0,   0,   0,   0],
        [  0,   0,   0,   0,   0,   0,   0,   0]])
2024-12-12 13:52:56,817 - INFO - Accuracy on the test data = [48.356807231903076]
2024-12-12 13:52:57,369 - INFO - -----------------------------  model_cnnLSTM , seq_num = 80, gap = 3, ----------------------------- 
2024-12-12 13:55:44,174 - INFO - loss = [0.4402665, 0.3844069, 0.3737734, 0.3122999, 0.24696559, 0.21800894, 0.19120854, 0.16742572, 0.14745228, 0.13324842, 0.12053, 0.11001956, 0.096754245, 0.08969556, 0.083321676, 0.07376814]
2024-12-12 13:55:44,176 - INFO - lr = [0.004, 0.004, 0.004, 0.004, 0.004, 0.004, 0.004, 0.004, 0.004, 0.004, 0.004, 0.004, 0.004, 0.004, 0.004, 0.004]
2024-12-12 13:55:45,531 - INFO - 
tensor([[445, 172,   0,   0,   0,   0,   0,   0],
        [150, 495,   0,   0,   0,   0,   1,   0],
        [  0,   0,   0,   0,   0,   0,   0,   0],
        [  0,   0,   0,   0,   0,   0,   0,   0],
        [  0,   0,   0,   0,   0,   0,   0,   0],
        [  0,   0,   0,   0,   0,   0,   0,   0],
        [  0,   0,   0,   0,   0,   0,   0,   0],
        [  0,   0,   0,   0,   0,   0,   0,   0]])
2024-12-12 13:55:45,531 - INFO - Accuracy on the test data = [74.42597150802612]
2024-12-12 13:55:46,095 - INFO - -----------------------------  model_cnnLSTM , seq_num = 80, gap = 5, ----------------------------- 
2024-12-12 13:57:51,502 - INFO - loss = [0.4780247, 0.39123458, 0.38551947, 0.3798786, 0.374903, 0.3625241, 0.33608726, 0.29530978, 0.25673264, 0.2339879, 0.2161545, 0.20142248, 0.18538171, 0.17156398, 0.15775473, 0.15294543, 0.14164989, 0.1281999, 0.11848476, 0.1121587]
2024-12-12 13:57:51,504 - INFO - lr = [0.004, 0.004, 0.004, 0.004, 0.004, 0.004, 0.004, 0.004, 0.004, 0.004, 0.004, 0.004, 0.004, 0.004, 0.004, 0.004, 0.004, 0.004, 0.004, 0.004]
2024-12-12 13:57:52,840 - INFO - 
tensor([[328, 289,   0,   0,   0,   0,   0,   0],
        [110, 536,   0,   0,   0,   0,   0,   0],
        [  0,   0,   0,   0,   0,   0,   0,   0],
        [  0,   0,   0,   0,   0,   0,   0,   0],
        [  0,   0,   0,   0,   0,   0,   0,   0],
        [  0,   0,   0,   0,   0,   0,   0,   0],
        [  0,   0,   0,   0,   0,   0,   0,   0],
        [  0,   0,   0,   0,   0,   0,   0,   0]])
2024-12-12 13:57:52,841 - INFO - Accuracy on the test data = [68.4085488319397]
2024-12-12 13:57:53,170 - INFO - -----------------------------  model_cnnLSTM , seq_num = 80, gap = 10, ----------------------------- 
2024-12-12 13:58:42,577 - INFO - loss = [0.5863047, 0.414865, 0.39361423, 0.39478648, 0.38722557, 0.38827828, 0.38439193, 0.38319102, 0.38020352, 0.37853855, 0.37651896, 0.37396967, 0.36914447, 0.3606805, 0.3486189, 0.3306457, 0.29977283, 0.26968417, 0.25371236, 0.24046573]
2024-12-12 13:58:42,580 - INFO - lr = [0.004, 0.004, 0.004, 0.004, 0.004, 0.004, 0.004, 0.004, 0.004, 0.004, 0.004, 0.004, 0.004, 0.004, 0.004, 0.004, 0.004, 0.004, 0.004, 0.004]
2024-12-12 13:58:43,858 - INFO - 
tensor([[617,   0,   0,   0,   0,   0,   0,   0],
        [646,   0,   0,   0,   0,   0,   0,   0],
        [  0,   0,   0,   0,   0,   0,   0,   0],
        [  0,   0,   0,   0,   0,   0,   0,   0],
        [  0,   0,   0,   0,   0,   0,   0,   0],
        [  0,   0,   0,   0,   0,   0,   0,   0],
        [  0,   0,   0,   0,   0,   0,   0,   0],
        [  0,   0,   0,   0,   0,   0,   0,   0]])
2024-12-12 13:58:43,858 - INFO - Accuracy on the test data = [48.85194003582001]
2024-12-12 13:58:44,141 - INFO - -----------------------------  model_cnnLSTM , seq_num = 80, gap = 15, ----------------------------- 
2024-12-12 13:59:17,183 - INFO - loss = [0.5758607, 0.41421852, 0.40314397, 0.39239952, 0.39028415, 0.3848164, 0.38596615, 0.38215756, 0.38089153, 0.37964883, 0.37781954, 0.3734158, 0.36849236, 0.35997698, 0.34623656, 0.32611886, 0.3033507, 0.2802942, 0.26410636, 0.25149283]
2024-12-12 13:59:17,185 - INFO - lr = [0.004, 0.004, 0.004, 0.004, 0.004, 0.004, 0.004, 0.004, 0.004, 0.004, 0.004, 0.004, 0.004, 0.004, 0.004, 0.004, 0.004, 0.004, 0.004, 0.004]
2024-12-12 13:59:18,443 - INFO - 
tensor([[617,   0,   0,   0,   0,   0,   0,   0],
        [646,   0,   0,   0,   0,   0,   0,   0],
        [  0,   0,   0,   0,   0,   0,   0,   0],
        [  0,   0,   0,   0,   0,   0,   0,   0],
        [  0,   0,   0,   0,   0,   0,   0,   0],
        [  0,   0,   0,   0,   0,   0,   0,   0],
        [  0,   0,   0,   0,   0,   0,   0,   0],
        [  0,   0,   0,   0,   0,   0,   0,   0]])
2024-12-12 13:59:18,443 - INFO - Accuracy on the test data = [48.85194003582001]
2024-12-12 13:59:19,026 - INFO - -----------------------------  model_cnnLSTM , seq_num = 100, gap = 3, ----------------------------- 
2024-12-12 14:01:14,898 - INFO - loss = [0.4436374, 0.38565207, 0.37383318, 0.3094075, 0.2422394, 0.21340445, 0.18395893, 0.15922762, 0.14285631, 0.122697815, 0.11081003, 0.09759713, 0.087963834, 0.07604757]
2024-12-12 14:01:14,900 - INFO - lr = [0.004, 0.004, 0.004, 0.004, 0.004, 0.004, 0.004, 0.004, 0.004, 0.004, 0.004, 0.004, 0.004, 0.004]
2024-12-12 14:01:16,264 - INFO - 
tensor([[343, 274,   0,   0,   0,   0,   0,   0],
        [ 90, 546,   0,   0,   0,   0,   0,   0],
        [  0,   0,   0,   0,   0,   0,   0,   0],
        [  0,   0,   0,   0,   0,   0,   0,   0],
        [  0,   0,   0,   0,   0,   0,   0,   0],
        [  0,   0,   0,   0,   0,   0,   0,   0],
        [  0,   0,   0,   0,   0,   0,   0,   0],
        [  0,   0,   0,   0,   0,   0,   0,   0]])
2024-12-12 14:01:16,265 - INFO - Accuracy on the test data = [70.94972133636475]
2024-12-12 14:01:16,769 - INFO - -----------------------------  model_cnnLSTM , seq_num = 100, gap = 5, ----------------------------- 
2024-12-12 14:02:54,792 - INFO - loss = [0.47732806, 0.39223433, 0.38612187, 0.38000885, 0.36434513, 0.30325645, 0.25467137, 0.23676087, 0.21906638, 0.20173182, 0.18613695, 0.16975716, 0.1540742, 0.14041051, 0.13162142, 0.11747146, 0.109403834, 0.10083134, 0.09050746, 0.085675806]
2024-12-12 14:02:54,794 - INFO - lr = [0.004, 0.004, 0.004, 0.004, 0.004, 0.004, 0.004, 0.004, 0.004, 0.004, 0.004, 0.004, 0.004, 0.004, 0.004, 0.004, 0.004, 0.004, 0.004, 0.004]
2024-12-12 14:02:56,069 - INFO - 
tensor([[464, 152,   1,   0,   0,   0,   0,   0],
        [144, 488,   4,   0,   0,   0,   0,   0],
        [  0,   0,   0,   0,   0,   0,   0,   0],
        [  0,   0,   0,   0,   0,   0,   0,   0],
        [  0,   0,   0,   0,   0,   0,   0,   0],
        [  0,   0,   0,   0,   0,   0,   0,   0],
        [  0,   0,   0,   0,   0,   0,   0,   0],
        [  0,   0,   0,   0,   0,   0,   0,   0]])
2024-12-12 14:02:56,069 - INFO - Accuracy on the test data = [75.97765326499939]
2024-12-12 14:02:56,534 - INFO - -----------------------------  model_cnnLSTM , seq_num = 100, gap = 10, ----------------------------- 
2024-12-12 14:03:46,303 - INFO - loss = [0.5397537, 0.41274637, 0.39223987, 0.3910625, 0.38658622, 0.38427317, 0.381144, 0.37650824, 0.36707067, 0.34513003, 0.30614328, 0.27180052, 0.250061, 0.23930755, 0.228095, 0.2168827, 0.20526469, 0.19402832, 0.18303633, 0.17039026]
2024-12-12 14:03:46,306 - INFO - lr = [0.004, 0.004, 0.004, 0.004, 0.004, 0.004, 0.004, 0.004, 0.004, 0.004, 0.004, 0.004, 0.004, 0.004, 0.004, 0.004, 0.004, 0.004, 0.004, 0.004]
2024-12-12 14:03:47,577 - INFO - 
tensor([[416, 201,   0,   0,   0,   0,   0,   0],
        [216, 420,   0,   0,   0,   0,   0,   0],
        [  0,   0,   0,   0,   0,   0,   0,   0],
        [  0,   0,   0,   0,   0,   0,   0,   0],
        [  0,   0,   0,   0,   0,   0,   0,   0],
        [  0,   0,   0,   0,   0,   0,   0,   0],
        [  0,   0,   0,   0,   0,   0,   0,   0],
        [  0,   0,   0,   0,   0,   0,   0,   0]])
2024-12-12 14:03:47,578 - INFO - Accuracy on the test data = [66.71987175941467]
2024-12-12 14:03:47,986 - INFO - -----------------------------  model_cnnLSTM , seq_num = 100, gap = 15, ----------------------------- 
2024-12-12 14:04:21,264 - INFO - loss = [0.6011269, 0.419446, 0.40546623, 0.39517522, 0.39237237, 0.3880328, 0.38999403, 0.38551882, 0.38515854, 0.38263932, 0.3798119, 0.37854108, 0.37250468, 0.361612, 0.34270492, 0.3128706, 0.28424874, 0.2571292, 0.24435867, 0.23414703]
2024-12-12 14:04:21,266 - INFO - lr = [0.004, 0.004, 0.004, 0.004, 0.004, 0.004, 0.004, 0.004, 0.004, 0.004, 0.004, 0.004, 0.004, 0.004, 0.004, 0.004, 0.004, 0.004, 0.004, 0.004]
2024-12-12 14:04:22,540 - INFO - 
tensor([[555,  62,   0,   0,   0,   0,   0,   0],
        [619,  17,   0,   0,   0,   0,   0,   0],
        [  0,   0,   0,   0,   0,   0,   0,   0],
        [  0,   0,   0,   0,   0,   0,   0,   0],
        [  0,   0,   0,   0,   0,   0,   0,   0],
        [  0,   0,   0,   0,   0,   0,   0,   0],
        [  0,   0,   0,   0,   0,   0,   0,   0],
        [  0,   0,   0,   0,   0,   0,   0,   0]])
2024-12-12 14:04:22,541 - INFO - Accuracy on the test data = [45.65043747425079]
2024-12-12 14:04:23,277 - INFO - -----------------------------  model_cnnLSTM , seq_num = 150, gap = 3, ----------------------------- 
2024-12-12 14:06:16,468 - INFO - loss = [0.4500546, 0.38645938, 0.3627046, 0.26980004, 0.22309646, 0.1897985, 0.16116896, 0.14038089, 0.12136499, 0.10570058, 0.09031592, 0.0826529, 0.07502392]
2024-12-12 14:06:16,471 - INFO - lr = [0.004, 0.004, 0.004, 0.004, 0.004, 0.004, 0.004, 0.004, 0.004, 0.004, 0.004, 0.004, 0.004]
2024-12-12 14:06:17,740 - INFO - 
tensor([[504, 113,   0,   0,   0,   0,   0,   0],
        [ 85, 526,   0,   0,   0,   0,   0,   0],
        [  0,   0,   0,   0,   0,   0,   0,   0],
        [  0,   0,   0,   0,   0,   0,   0,   0],
        [  0,   0,   0,   0,   0,   0,   0,   0],
        [  0,   0,   0,   0,   0,   0,   0,   0],
        [  0,   0,   0,   0,   0,   0,   0,   0],
        [  0,   0,   0,   0,   0,   0,   0,   0]])
2024-12-12 14:06:17,741 - INFO - Accuracy on the test data = [83.87622237205505]
2024-12-12 14:06:18,336 - INFO - -----------------------------  model_cnnLSTM , seq_num = 150, gap = 5, ----------------------------- 
2024-12-12 14:07:52,356 - INFO - loss = [0.48792115, 0.3927998, 0.38694072, 0.38095224, 0.35611558, 0.27942264, 0.23993754, 0.21878728, 0.19947372, 0.1823864, 0.16212645, 0.14820048, 0.13345388, 0.12019341, 0.108626716, 0.10415759, 0.09178169, 0.0797406]
2024-12-12 14:07:52,358 - INFO - lr = [0.004, 0.004, 0.004, 0.004, 0.004, 0.004, 0.004, 0.004, 0.004, 0.004, 0.004, 0.004, 0.004, 0.004, 0.004, 0.004, 0.004, 0.004]
2024-12-12 14:07:53,618 - INFO - 
tensor([[457, 160,   0,   0,   0,   0,   0,   0],
        [ 61, 548,   0,   2,   0,   0,   0,   0],
        [  0,   0,   0,   0,   0,   0,   0,   0],
        [  0,   0,   0,   0,   0,   0,   0,   0],
        [  0,   0,   0,   0,   0,   0,   0,   0],
        [  0,   0,   0,   0,   0,   0,   0,   0],
        [  0,   0,   0,   0,   0,   0,   0,   0],
        [  0,   0,   0,   0,   0,   0,   0,   0]])
2024-12-12 14:07:53,618 - INFO - Accuracy on the test data = [81.84038996696472]
2024-12-12 14:07:54,020 - INFO - -----------------------------  model_cnnLSTM , seq_num = 150, gap = 10, ----------------------------- 
2024-12-12 14:08:43,182 - INFO - loss = [0.55975384, 0.4188696, 0.39553913, 0.3947141, 0.38967592, 0.38829583, 0.38323098, 0.37590283, 0.35622028, 0.31836778, 0.27592933, 0.2505172, 0.23633654, 0.2248339, 0.21137765, 0.20415762, 0.19168027, 0.18166889, 0.17235844, 0.16006194]
2024-12-12 14:08:43,184 - INFO - lr = [0.004, 0.004, 0.004, 0.004, 0.004, 0.004, 0.004, 0.004, 0.004, 0.004, 0.004, 0.004, 0.004, 0.004, 0.004, 0.004, 0.004, 0.004, 0.004, 0.004]
2024-12-12 14:08:44,404 - INFO - 
tensor([[558,  40,  19,   0,   0,   0,   0,   0],
        [302, 307,   2,   0,   0,   0,   0,   0],
        [  0,   0,   0,   0,   0,   0,   0,   0],
        [  0,   0,   0,   0,   0,   0,   0,   0],
        [  0,   0,   0,   0,   0,   0,   0,   0],
        [  0,   0,   0,   0,   0,   0,   0,   0],
        [  0,   0,   0,   0,   0,   0,   0,   0],
        [  0,   0,   0,   0,   0,   0,   0,   0]])
2024-12-12 14:08:44,405 - INFO - Accuracy on the test data = [70.43973803520203]
2024-12-12 14:08:44,838 - INFO - -----------------------------  model_cnnLSTM , seq_num = 150, gap = 15, ----------------------------- 
2024-12-12 14:09:17,901 - INFO - loss = [0.61476916, 0.42341948, 0.40822887, 0.3967409, 0.39631057, 0.38937852, 0.39106226, 0.38761285, 0.38573775, 0.38448295, 0.3804792, 0.37629795, 0.36489496, 0.34389815, 0.31192145, 0.2827377, 0.25761637, 0.24485879, 0.23395737, 0.22533804]
2024-12-12 14:09:17,903 - INFO - lr = [0.004, 0.004, 0.004, 0.004, 0.004, 0.004, 0.004, 0.004, 0.004, 0.004, 0.004, 0.004, 0.004, 0.004, 0.004, 0.004, 0.004, 0.004, 0.004, 0.004]
2024-12-12 14:09:19,147 - INFO - 
tensor([[182, 435,   0,   0,   0,   0,   0,   0],
        [148, 451,  12,   0,   0,   0,   0,   0],
        [  0,   0,   0,   0,   0,   0,   0,   0],
        [  0,   0,   0,   0,   0,   0,   0,   0],
        [  0,   0,   0,   0,   0,   0,   0,   0],
        [  0,   0,   0,   0,   0,   0,   0,   0],
        [  0,   0,   0,   0,   0,   0,   0,   0],
        [  0,   0,   0,   0,   0,   0,   0,   0]])
2024-12-12 14:09:19,148 - INFO - Accuracy on the test data = [51.547229290008545]
2024-12-12 14:09:19,966 - INFO - -----------------------------  model_cnnLSTM , seq_num = 200, gap = 3, ----------------------------- 
2024-12-12 14:10:49,633 - INFO - loss = [0.4495316, 0.3864372, 0.32627356, 0.23004068, 0.1898682, 0.15859559, 0.1309776, 0.10773142, 0.094587654, 0.07980764]
2024-12-12 14:10:49,636 - INFO - lr = [0.004, 0.004, 0.004, 0.004, 0.004, 0.004, 0.004, 0.004, 0.004, 0.004]
2024-12-12 14:10:50,861 - INFO - 
tensor([[479, 138,   0,   0,   0,   0,   0,   0],
        [ 61, 525,   0,   0,   0,   0,   0,   0],
        [  0,   0,   0,   0,   0,   0,   0,   0],
        [  0,   0,   0,   0,   0,   0,   0,   0],
        [  0,   0,   0,   0,   0,   0,   0,   0],
        [  0,   0,   0,   0,   0,   0,   0,   0],
        [  0,   0,   0,   0,   0,   0,   0,   0],
        [  0,   0,   0,   0,   0,   0,   0,   0]])
2024-12-12 14:10:50,861 - INFO - Accuracy on the test data = [83.45802426338196]
2024-12-12 14:10:51,537 - INFO - -----------------------------  model_cnnLSTM , seq_num = 200, gap = 5, ----------------------------- 
2024-12-12 14:12:17,567 - INFO - loss = [0.47574776, 0.39474458, 0.38747245, 0.36890393, 0.28999263, 0.2357046, 0.21160275, 0.18811576, 0.16415176, 0.14652157, 0.13229376, 0.11866822, 0.10266118, 0.09309761, 0.08154569, 0.07694036]
2024-12-12 14:12:17,569 - INFO - lr = [0.004, 0.004, 0.004, 0.004, 0.004, 0.004, 0.004, 0.004, 0.004, 0.004, 0.004, 0.004, 0.004, 0.004, 0.004, 0.004]
2024-12-12 14:12:18,798 - INFO - 
tensor([[485, 132,   0,   0,   0,   0,   0,   0],
        [ 69, 517,   0,   0,   0,   0,   0,   0],
        [  0,   0,   0,   0,   0,   0,   0,   0],
        [  0,   0,   0,   0,   0,   0,   0,   0],
        [  0,   0,   0,   0,   0,   0,   0,   0],
        [  0,   0,   0,   0,   0,   0,   0,   0],
        [  0,   0,   0,   0,   0,   0,   0,   0],
        [  0,   0,   0,   0,   0,   0,   0,   0]])
2024-12-12 14:12:18,799 - INFO - Accuracy on the test data = [83.29176902770996]
2024-12-12 14:12:19,320 - INFO - -----------------------------  model_cnnLSTM , seq_num = 200, gap = 10, ----------------------------- 
2024-12-12 14:13:09,903 - INFO - loss = [0.5425284, 0.41883463, 0.39780903, 0.3936328, 0.39025813, 0.38583294, 0.3812964, 0.36552936, 0.32814112, 0.27655536, 0.24719724, 0.23104365, 0.2186083, 0.20566005, 0.19345574, 0.1805178, 0.16919634, 0.16240665, 0.14851815, 0.13824673]
2024-12-12 14:13:09,906 - INFO - lr = [0.004, 0.004, 0.004, 0.004, 0.004, 0.004, 0.004, 0.004, 0.004, 0.004, 0.004, 0.004, 0.004, 0.004, 0.004, 0.004, 0.004, 0.004, 0.004, 0.004]
2024-12-12 14:13:11,135 - INFO - 
tensor([[468, 149,   0,   0,   0,   0,   0,   0],
        [152, 434,   0,   0,   0,   0,   0,   0],
        [  0,   0,   0,   0,   0,   0,   0,   0],
        [  0,   0,   0,   0,   0,   0,   0,   0],
        [  0,   0,   0,   0,   0,   0,   0,   0],
        [  0,   0,   0,   0,   0,   0,   0,   0],
        [  0,   0,   0,   0,   0,   0,   0,   0],
        [  0,   0,   0,   0,   0,   0,   0,   0]])
2024-12-12 14:13:11,136 - INFO - Accuracy on the test data = [74.97921586036682]
2024-12-12 14:13:11,590 - INFO - -----------------------------  model_cnnLSTM , seq_num = 200, gap = 15, ----------------------------- 
2024-12-12 14:13:44,968 - INFO - loss = [0.5833277, 0.41810024, 0.40511203, 0.39825544, 0.3948991, 0.39045262, 0.39019647, 0.38486075, 0.38339904, 0.3773899, 0.36387408, 0.33868086, 0.30234376, 0.2673414, 0.24491532, 0.23316652, 0.22379792, 0.2201578, 0.21202546, 0.19910489]
2024-12-12 14:13:44,971 - INFO - lr = [0.004, 0.004, 0.004, 0.004, 0.004, 0.004, 0.004, 0.004, 0.004, 0.004, 0.004, 0.004, 0.004, 0.004, 0.004, 0.004, 0.004, 0.004, 0.004, 0.004]
2024-12-12 14:13:46,175 - INFO - 
tensor([[ 83, 532,   2,   0,   0,   0,   0,   0],
        [  9, 534,  43,   0,   0,   0,   0,   0],
        [  0,   0,   0,   0,   0,   0,   0,   0],
        [  0,   0,   0,   0,   0,   0,   0,   0],
        [  0,   0,   0,   0,   0,   0,   0,   0],
        [  0,   0,   0,   0,   0,   0,   0,   0],
        [  0,   0,   0,   0,   0,   0,   0,   0],
        [  0,   0,   0,   0,   0,   0,   0,   0]])
2024-12-12 14:13:46,176 - INFO - Accuracy on the test data = [51.28844380378723]
