2024-12-12 03:02:41,398 - INFO - -----------------------------  model_cnnLSTM , seq_num = 30, gap = 3, ----------------------------- 
2024-12-12 03:05:19,948 - INFO - loss = [0.3767739, 0.2947411, 0.27612117, 0.260697, 0.24159625, 0.2245503, 0.21026708, 0.19759598, 0.18831588, 0.18023323, 0.1749894, 0.16660787, 0.16626693, 0.15229985, 0.1457738, 0.14475557, 0.13463885, 0.1270193, 0.12184369, 0.11609931]
2024-12-12 03:05:19,949 - INFO - lr = [0.004, 0.004, 0.004, 0.004, 0.004, 0.004, 0.004, 0.004, 0.004, 0.004, 0.004, 0.004, 0.004, 0.004, 0.004, 0.004, 0.004, 0.004, 0.004, 0.004]
2024-12-12 03:05:21,235 - INFO - 
tensor([[565,  63,   0,   0,   0,   0,   0,   0],
        [523, 128,   9,   0,   0,   0,   0,   0],
        [  0,   0,   0,   0,   0,   0,   0,   0],
        [  0,   0,   0,   0,   0,   0,   0,   0],
        [  0,   0,   0,   0,   0,   0,   0,   0],
        [  0,   0,   0,   0,   0,   0,   0,   0],
        [  0,   0,   0,   0,   0,   0,   0,   0],
        [  0,   0,   0,   0,   0,   0,   0,   0]])
2024-12-12 03:05:21,235 - INFO - Accuracy on the test data = [53.80434989929199]
2024-12-12 03:05:21,660 - INFO - -----------------------------  model_cnnLSTM , seq_num = 30, gap = 5, ----------------------------- 
2024-12-12 03:06:57,309 - INFO - loss = [0.41354868, 0.31505996, 0.29448926, 0.28302562, 0.27374113, 0.26481652, 0.25394475, 0.24091092, 0.23039556, 0.21995169, 0.20898387, 0.19967616, 0.18896556, 0.18246141, 0.17899413, 0.1668351, 0.15632404, 0.15797351, 0.14618605, 0.13458133]
2024-12-12 03:06:57,310 - INFO - lr = [0.004, 0.004, 0.004, 0.004, 0.004, 0.004, 0.004, 0.004, 0.004, 0.004, 0.004, 0.004, 0.004, 0.004, 0.004, 0.004, 0.004, 0.004, 0.004, 0.004]
2024-12-12 03:06:58,621 - INFO - 
tensor([[587,  24,  17,   0,   0,   0,   0,   0],
        [628,  32,   0,   0,   0,   0,   0,   0],
        [  0,   0,   0,   0,   0,   0,   0,   0],
        [  0,   0,   0,   0,   0,   0,   0,   0],
        [  0,   0,   0,   0,   0,   0,   0,   0],
        [  0,   0,   0,   0,   0,   0,   0,   0],
        [  0,   0,   0,   0,   0,   0,   0,   0],
        [  0,   0,   0,   0,   0,   0,   0,   0]])
2024-12-12 03:06:58,622 - INFO - Accuracy on the test data = [48.05900752544403]
2024-12-12 03:06:58,949 - INFO - -----------------------------  model_cnnLSTM , seq_num = 30, gap = 10, ----------------------------- 
2024-12-12 03:07:46,417 - INFO - loss = [0.47785854, 0.33995193, 0.32020298, 0.30417144, 0.29693544, 0.2906765, 0.28395385, 0.2794295, 0.27365327, 0.26842007, 0.26283744, 0.2563891, 0.24882825, 0.24154527, 0.23399132, 0.22611691, 0.21789825, 0.20696312, 0.20610757, 0.19393797]
2024-12-12 03:07:46,420 - INFO - lr = [0.004, 0.004, 0.004, 0.004, 0.004, 0.004, 0.004, 0.004, 0.004, 0.004, 0.004, 0.004, 0.004, 0.004, 0.004, 0.004, 0.004, 0.004, 0.004, 0.004]
2024-12-12 03:07:47,717 - INFO - 
tensor([[628,   0,   0,   0,   0,   0,   0,   0],
        [660,   0,   0,   0,   0,   0,   0,   0],
        [  0,   0,   0,   0,   0,   0,   0,   0],
        [  0,   0,   0,   0,   0,   0,   0,   0],
        [  0,   0,   0,   0,   0,   0,   0,   0],
        [  0,   0,   0,   0,   0,   0,   0,   0],
        [  0,   0,   0,   0,   0,   0,   0,   0],
        [  0,   0,   0,   0,   0,   0,   0,   0]])
2024-12-12 03:07:47,717 - INFO - Accuracy on the test data = [48.75776469707489]
2024-12-12 03:07:48,001 - INFO - -----------------------------  model_cnnLSTM , seq_num = 30, gap = 15, ----------------------------- 
2024-12-12 03:08:19,248 - INFO - loss = [0.5046324, 0.36669374, 0.33540103, 0.32088855, 0.30542025, 0.29929814, 0.2946141, 0.28880203, 0.2836306, 0.2790942, 0.2752279, 0.27014065, 0.2658305, 0.2602543, 0.25667754, 0.2510325, 0.24308972, 0.23553622, 0.232701, 0.2255042]
2024-12-12 03:08:19,249 - INFO - lr = [0.004, 0.004, 0.004, 0.004, 0.004, 0.004, 0.004, 0.004, 0.004, 0.004, 0.004, 0.004, 0.004, 0.004, 0.004, 0.004, 0.004, 0.004, 0.004, 0.004]
2024-12-12 03:08:20,620 - INFO - 
tensor([[614,  14,   0,   0,   0,   0,   0,   0],
        [657,   3,   0,   0,   0,   0,   0,   0],
        [  0,   0,   0,   0,   0,   0,   0,   0],
        [  0,   0,   0,   0,   0,   0,   0,   0],
        [  0,   0,   0,   0,   0,   0,   0,   0],
        [  0,   0,   0,   0,   0,   0,   0,   0],
        [  0,   0,   0,   0,   0,   0,   0,   0],
        [  0,   0,   0,   0,   0,   0,   0,   0]])
2024-12-12 03:08:20,621 - INFO - Accuracy on the test data = [47.90372550487518]
2024-12-12 03:08:21,093 - INFO - -----------------------------  model_cnnLSTM , seq_num = 50, gap = 3, ----------------------------- 
2024-12-12 03:10:52,179 - INFO - loss = [0.37576386, 0.277002, 0.25588328, 0.23596951, 0.21289831, 0.19059785, 0.17820083, 0.16241431, 0.15486692, 0.13933802, 0.13576743, 0.12414351, 0.11415685, 0.105131425, 0.098941416, 0.090405814, 0.08292274, 0.08000576, 0.07094225]
2024-12-12 03:10:52,180 - INFO - lr = [0.004, 0.004, 0.004, 0.004, 0.004, 0.004, 0.004, 0.004, 0.004, 0.004, 0.004, 0.004, 0.004, 0.004, 0.004, 0.004, 0.004, 0.004, 0.004]
2024-12-12 03:10:53,477 - INFO - 
tensor([[506, 112,   0,   0,   0,   0,   0,   0],
        [412, 248,   0,   0,   0,   0,   0,   0],
        [  0,   0,   0,   0,   0,   0,   0,   0],
        [  0,   0,   0,   0,   0,   0,   0,   0],
        [  0,   0,   0,   0,   0,   0,   0,   0],
        [  0,   0,   0,   0,   0,   0,   0,   0],
        [  0,   0,   0,   0,   0,   0,   0,   0],
        [  0,   0,   0,   0,   0,   0,   0,   0]])
2024-12-12 03:10:53,477 - INFO - Accuracy on the test data = [58.998435735702515]
2024-12-12 03:10:53,890 - INFO - -----------------------------  model_cnnLSTM , seq_num = 50, gap = 5, ----------------------------- 
2024-12-12 03:12:24,464 - INFO - loss = [0.3979687, 0.2965271, 0.27405185, 0.2587416, 0.24414173, 0.23121323, 0.2164301, 0.20365563, 0.18902987, 0.17764395, 0.16894326, 0.158819, 0.14938968, 0.14177898, 0.13604745, 0.12669683, 0.11962037, 0.10541885, 0.1161727, 0.10405594]
2024-12-12 03:12:24,465 - INFO - lr = [0.004, 0.004, 0.004, 0.004, 0.004, 0.004, 0.004, 0.004, 0.004, 0.004, 0.004, 0.004, 0.004, 0.004, 0.004, 0.004, 0.004, 0.004, 0.004, 0.004]
2024-12-12 03:12:25,759 - INFO - 
tensor([[364, 254,   0,   0,   0,   0,   0,   0],
        [338, 322,   0,   0,   0,   0,   0,   0],
        [  0,   0,   0,   0,   0,   0,   0,   0],
        [  0,   0,   0,   0,   0,   0,   0,   0],
        [  0,   0,   0,   0,   0,   0,   0,   0],
        [  0,   0,   0,   0,   0,   0,   0,   0],
        [  0,   0,   0,   0,   0,   0,   0,   0],
        [  0,   0,   0,   0,   0,   0,   0,   0]])
2024-12-12 03:12:25,759 - INFO - Accuracy on the test data = [53.67761850357056]
2024-12-12 03:12:26,075 - INFO - -----------------------------  model_cnnLSTM , seq_num = 50, gap = 10, ----------------------------- 
2024-12-12 03:13:10,435 - INFO - loss = [0.4959041, 0.34094024, 0.3083654, 0.28946012, 0.2793059, 0.27025762, 0.26289177, 0.25568563, 0.24856481, 0.2416212, 0.23376943, 0.22473198, 0.21446216, 0.20647296, 0.20136411, 0.19067946, 0.17888671, 0.17091037, 0.16078761, 0.1502045]
2024-12-12 03:13:10,437 - INFO - lr = [0.004, 0.004, 0.004, 0.004, 0.004, 0.004, 0.004, 0.004, 0.004, 0.004, 0.004, 0.004, 0.004, 0.004, 0.004, 0.004, 0.004, 0.004, 0.004, 0.004]
2024-12-12 03:13:11,719 - INFO - 
tensor([[517, 101,   0,   0,   0,   0,   0,   0],
        [613,  47,   0,   0,   0,   0,   0,   0],
        [  0,   0,   0,   0,   0,   0,   0,   0],
        [  0,   0,   0,   0,   0,   0,   0,   0],
        [  0,   0,   0,   0,   0,   0,   0,   0],
        [  0,   0,   0,   0,   0,   0,   0,   0],
        [  0,   0,   0,   0,   0,   0,   0,   0],
        [  0,   0,   0,   0,   0,   0,   0,   0]])
2024-12-12 03:13:11,720 - INFO - Accuracy on the test data = [44.131454825401306]
2024-12-12 03:13:12,088 - INFO - -----------------------------  model_cnnLSTM , seq_num = 50, gap = 15, ----------------------------- 
2024-12-12 03:13:41,652 - INFO - loss = [0.48606518, 0.35559776, 0.3264414, 0.30426338, 0.28743422, 0.28078595, 0.27279723, 0.2663695, 0.2595782, 0.25170732, 0.24609755, 0.23997563, 0.23219092, 0.22465621, 0.21517105, 0.20805757, 0.19920456, 0.19370878, 0.18223695, 0.1735423]
2024-12-12 03:13:41,654 - INFO - lr = [0.004, 0.004, 0.004, 0.004, 0.004, 0.004, 0.004, 0.004, 0.004, 0.004, 0.004, 0.004, 0.004, 0.004, 0.004, 0.004, 0.004, 0.004, 0.004, 0.004]
2024-12-12 03:13:42,939 - INFO - 
tensor([[528,  89,   1,   0,   0,   0,   0,   0],
        [619,  41,   0,   0,   0,   0,   0,   0],
        [  0,   0,   0,   0,   0,   0,   0,   0],
        [  0,   0,   0,   0,   0,   0,   0,   0],
        [  0,   0,   0,   0,   0,   0,   0,   0],
        [  0,   0,   0,   0,   0,   0,   0,   0],
        [  0,   0,   0,   0,   0,   0,   0,   0],
        [  0,   0,   0,   0,   0,   0,   0,   0]])
2024-12-12 03:13:42,940 - INFO - Accuracy on the test data = [44.522690773010254]
2024-12-12 03:13:43,466 - INFO - -----------------------------  model_cnnLSTM , seq_num = 80, gap = 3, ----------------------------- 
2024-12-12 03:15:25,404 - INFO - loss = [0.3608485, 0.25788724, 0.22780694, 0.20278516, 0.18049328, 0.16599499, 0.14731345, 0.13104703, 0.11857612, 0.10996307, 0.10182603, 0.0870382, 0.075529315]
2024-12-12 03:15:25,406 - INFO - lr = [0.004, 0.004, 0.004, 0.004, 0.004, 0.004, 0.004, 0.004, 0.004, 0.004, 0.004, 0.004, 0.004]
2024-12-12 03:15:26,706 - INFO - 
tensor([[474, 143,   0,   0,   0,   0,   0,   0],
        [208, 438,   0,   0,   0,   0,   0,   0],
        [  0,   0,   0,   0,   0,   0,   0,   0],
        [  0,   0,   0,   0,   0,   0,   0,   0],
        [  0,   0,   0,   0,   0,   0,   0,   0],
        [  0,   0,   0,   0,   0,   0,   0,   0],
        [  0,   0,   0,   0,   0,   0,   0,   0],
        [  0,   0,   0,   0,   0,   0,   0,   0]])
2024-12-12 03:15:26,707 - INFO - Accuracy on the test data = [72.20902442932129]
2024-12-12 03:15:27,143 - INFO - -----------------------------  model_cnnLSTM , seq_num = 80, gap = 5, ----------------------------- 
2024-12-12 03:16:55,639 - INFO - loss = [0.4048914, 0.28796667, 0.25913543, 0.23821917, 0.22090417, 0.20548232, 0.1875986, 0.17434438, 0.15951757, 0.15827826, 0.14490223, 0.13261214, 0.12137996, 0.11714726, 0.10397093, 0.09926365, 0.08893331, 0.081115715, 0.07935599]
2024-12-12 03:16:55,640 - INFO - lr = [0.004, 0.004, 0.004, 0.004, 0.004, 0.004, 0.004, 0.004, 0.004, 0.004, 0.004, 0.004, 0.004, 0.004, 0.004, 0.004, 0.004, 0.004, 0.004]
2024-12-12 03:16:56,919 - INFO - 
tensor([[433, 184,   0,   0,   0,   0,   0,   0],
        [161, 485,   0,   0,   0,   0,   0,   0],
        [  0,   0,   0,   0,   0,   0,   0,   0],
        [  0,   0,   0,   0,   0,   0,   0,   0],
        [  0,   0,   0,   0,   0,   0,   0,   0],
        [  0,   0,   0,   0,   0,   0,   0,   0],
        [  0,   0,   0,   0,   0,   0,   0,   0],
        [  0,   0,   0,   0,   0,   0,   0,   0]])
2024-12-12 03:16:56,920 - INFO - Accuracy on the test data = [72.68408536911011]
2024-12-12 03:16:57,242 - INFO - -----------------------------  model_cnnLSTM , seq_num = 80, gap = 10, ----------------------------- 
2024-12-12 03:17:42,970 - INFO - loss = [0.45886332, 0.32223266, 0.28882414, 0.2683666, 0.25567853, 0.24454646, 0.23395814, 0.22460787, 0.21402028, 0.2036791, 0.19486171, 0.18521877, 0.17652965, 0.1654977, 0.16834277, 0.15806171, 0.1463458, 0.13703503, 0.12631203, 0.11689269]
2024-12-12 03:17:42,972 - INFO - lr = [0.004, 0.004, 0.004, 0.004, 0.004, 0.004, 0.004, 0.004, 0.004, 0.004, 0.004, 0.004, 0.004, 0.004, 0.004, 0.004, 0.004, 0.004, 0.004, 0.004]
2024-12-12 03:17:44,234 - INFO - 
tensor([[566,  51,   0,   0,   0,   0,   0,   0],
        [319, 327,   0,   0,   0,   0,   0,   0],
        [  0,   0,   0,   0,   0,   0,   0,   0],
        [  0,   0,   0,   0,   0,   0,   0,   0],
        [  0,   0,   0,   0,   0,   0,   0,   0],
        [  0,   0,   0,   0,   0,   0,   0,   0],
        [  0,   0,   0,   0,   0,   0,   0,   0],
        [  0,   0,   0,   0,   0,   0,   0,   0]])
2024-12-12 03:17:44,235 - INFO - Accuracy on the test data = [70.70466876029968]
2024-12-12 03:17:44,530 - INFO - -----------------------------  model_cnnLSTM , seq_num = 80, gap = 15, ----------------------------- 
2024-12-12 03:18:15,354 - INFO - loss = [0.51213354, 0.35733342, 0.32113504, 0.29734805, 0.28043094, 0.26989755, 0.2622025, 0.2547013, 0.24474823, 0.2381783, 0.22991337, 0.22186054, 0.21268217, 0.204989, 0.19646727, 0.1901509, 0.1805157, 0.17319869, 0.16327286, 0.15605325]
2024-12-12 03:18:15,357 - INFO - lr = [0.004, 0.004, 0.004, 0.004, 0.004, 0.004, 0.004, 0.004, 0.004, 0.004, 0.004, 0.004, 0.004, 0.004, 0.004, 0.004, 0.004, 0.004, 0.004, 0.004]
2024-12-12 03:18:16,629 - INFO - 
tensor([[550,  67,   0,   0,   0,   0,   0,   0],
        [394, 251,   0,   0,   0,   0,   1,   0],
        [  0,   0,   0,   0,   0,   0,   0,   0],
        [  0,   0,   0,   0,   0,   0,   0,   0],
        [  0,   0,   0,   0,   0,   0,   0,   0],
        [  0,   0,   0,   0,   0,   0,   0,   0],
        [  0,   0,   0,   0,   0,   0,   0,   0],
        [  0,   0,   0,   0,   0,   0,   0,   0]])
2024-12-12 03:18:16,629 - INFO - Accuracy on the test data = [63.42042684555054]
2024-12-12 03:18:17,314 - INFO - -----------------------------  model_cnnLSTM , seq_num = 100, gap = 3, ----------------------------- 
2024-12-12 03:19:53,729 - INFO - loss = [0.35845312, 0.24730168, 0.21451584, 0.18714173, 0.1647857, 0.14436626, 0.12766764, 0.1121452, 0.1154245, 0.093430035, 0.080814615, 0.070437215]
2024-12-12 03:19:53,731 - INFO - lr = [0.004, 0.004, 0.004, 0.004, 0.004, 0.004, 0.004, 0.004, 0.004, 0.004, 0.004, 0.004]
2024-12-12 03:19:55,010 - INFO - 
tensor([[429, 188,   0,   0,   0,   0,   0,   0],
        [110, 526,   0,   0,   0,   0,   0,   0],
        [  0,   0,   0,   0,   0,   0,   0,   0],
        [  0,   0,   0,   0,   0,   0,   0,   0],
        [  0,   0,   0,   0,   0,   0,   0,   0],
        [  0,   0,   0,   0,   0,   0,   0,   0],
        [  0,   0,   0,   0,   0,   0,   0,   0],
        [  0,   0,   0,   0,   0,   0,   0,   0]])
2024-12-12 03:19:55,011 - INFO - Accuracy on the test data = [76.21707916259766]
2024-12-12 03:19:55,499 - INFO - -----------------------------  model_cnnLSTM , seq_num = 100, gap = 5, ----------------------------- 
2024-12-12 03:21:15,801 - INFO - loss = [0.42508724, 0.28717044, 0.25169486, 0.23100966, 0.21204731, 0.19355935, 0.17867443, 0.16393974, 0.15295613, 0.1393614, 0.13112344, 0.11829148, 0.11394429, 0.10641439, 0.09515105, 0.086094454, 0.07656188]
2024-12-12 03:21:15,802 - INFO - lr = [0.004, 0.004, 0.004, 0.004, 0.004, 0.004, 0.004, 0.004, 0.004, 0.004, 0.004, 0.004, 0.004, 0.004, 0.004, 0.004, 0.004]
2024-12-12 03:21:17,085 - INFO - 
tensor([[469, 148,   0,   0,   0,   0,   0,   0],
        [ 83, 553,   0,   0,   0,   0,   0,   0],
        [  0,   0,   0,   0,   0,   0,   0,   0],
        [  0,   0,   0,   0,   0,   0,   0,   0],
        [  0,   0,   0,   0,   0,   0,   0,   0],
        [  0,   0,   0,   0,   0,   0,   0,   0],
        [  0,   0,   0,   0,   0,   0,   0,   0],
        [  0,   0,   0,   0,   0,   0,   0,   0]])
2024-12-12 03:21:17,086 - INFO - Accuracy on the test data = [81.56424760818481]
2024-12-12 03:21:17,545 - INFO - -----------------------------  model_cnnLSTM , seq_num = 100, gap = 10, ----------------------------- 
2024-12-12 03:22:04,116 - INFO - loss = [0.47044092, 0.3300013, 0.292972, 0.26604426, 0.25175062, 0.24001807, 0.2283285, 0.21796864, 0.20703076, 0.1962808, 0.18921411, 0.17907996, 0.16822764, 0.15807393, 0.14881626, 0.14148857, 0.1307698, 0.12652923, 0.11525598, 0.10926725]
2024-12-12 03:22:04,119 - INFO - lr = [0.004, 0.004, 0.004, 0.004, 0.004, 0.004, 0.004, 0.004, 0.004, 0.004, 0.004, 0.004, 0.004, 0.004, 0.004, 0.004, 0.004, 0.004, 0.004, 0.004]
2024-12-12 03:22:05,386 - INFO - 
tensor([[534,  83,   0,   0,   0,   0,   0,   0],
        [204, 432,   0,   0,   0,   0,   0,   0],
        [  0,   0,   0,   0,   0,   0,   0,   0],
        [  0,   0,   0,   0,   0,   0,   0,   0],
        [  0,   0,   0,   0,   0,   0,   0,   0],
        [  0,   0,   0,   0,   0,   0,   0,   0],
        [  0,   0,   0,   0,   0,   0,   0,   0],
        [  0,   0,   0,   0,   0,   0,   0,   0]])
2024-12-12 03:22:05,386 - INFO - Accuracy on the test data = [77.09497213363647]
2024-12-12 03:22:05,783 - INFO - -----------------------------  model_cnnLSTM , seq_num = 100, gap = 15, ----------------------------- 
2024-12-12 03:22:36,553 - INFO - loss = [0.49792263, 0.35123086, 0.31024364, 0.2828212, 0.26508006, 0.25265488, 0.2414758, 0.2332504, 0.22396934, 0.21635418, 0.20699538, 0.19772474, 0.18889795, 0.1838132, 0.17737205, 0.17231552, 0.16004169, 0.15213455, 0.14398922, 0.13823895]
2024-12-12 03:22:36,555 - INFO - lr = [0.004, 0.004, 0.004, 0.004, 0.004, 0.004, 0.004, 0.004, 0.004, 0.004, 0.004, 0.004, 0.004, 0.004, 0.004, 0.004, 0.004, 0.004, 0.004, 0.004]
2024-12-12 03:22:37,814 - INFO - 
tensor([[551,  66,   0,   0,   0,   0,   0,   0],
        [257, 373,   6,   0,   0,   0,   0,   0],
        [  0,   0,   0,   0,   0,   0,   0,   0],
        [  0,   0,   0,   0,   0,   0,   0,   0],
        [  0,   0,   0,   0,   0,   0,   0,   0],
        [  0,   0,   0,   0,   0,   0,   0,   0],
        [  0,   0,   0,   0,   0,   0,   0,   0],
        [  0,   0,   0,   0,   0,   0,   0,   0]])
2024-12-12 03:22:37,814 - INFO - Accuracy on the test data = [73.74301552772522]
2024-12-12 03:22:38,561 - INFO - -----------------------------  model_cnnLSTM , seq_num = 150, gap = 3, ----------------------------- 
2024-12-12 03:23:53,719 - INFO - loss = [0.3436061, 0.23333512, 0.19600023, 0.16765468, 0.14286833, 0.121394195, 0.107862234, 0.09157466, 0.07764732]
2024-12-12 03:23:53,722 - INFO - lr = [0.004, 0.004, 0.004, 0.004, 0.004, 0.004, 0.004, 0.004, 0.004]
2024-12-12 03:23:55,002 - INFO - 
tensor([[450, 167,   0,   0,   0,   0,   0,   0],
        [ 65, 546,   0,   0,   0,   0,   0,   0],
        [  0,   0,   0,   0,   0,   0,   0,   0],
        [  0,   0,   0,   0,   0,   0,   0,   0],
        [  0,   0,   0,   0,   0,   0,   0,   0],
        [  0,   0,   0,   0,   0,   0,   0,   0],
        [  0,   0,   0,   0,   0,   0,   0,   0],
        [  0,   0,   0,   0,   0,   0,   0,   0]])
2024-12-12 03:23:55,002 - INFO - Accuracy on the test data = [81.10749125480652]
2024-12-12 03:23:55,603 - INFO - -----------------------------  model_cnnLSTM , seq_num = 150, gap = 5, ----------------------------- 
2024-12-12 03:25:04,073 - INFO - loss = [0.3778668, 0.25752115, 0.22774625, 0.20418364, 0.18263102, 0.17049542, 0.15149564, 0.1361722, 0.123521045, 0.11422646, 0.10329616, 0.09737749, 0.08257899, 0.07139458]
2024-12-12 03:25:04,075 - INFO - lr = [0.004, 0.004, 0.004, 0.004, 0.004, 0.004, 0.004, 0.004, 0.004, 0.004, 0.004, 0.004, 0.004, 0.004]
2024-12-12 03:25:05,324 - INFO - 
tensor([[457, 160,   0,   0,   0,   0,   0,   0],
        [ 14, 597,   0,   0,   0,   0,   0,   0],
        [  0,   0,   0,   0,   0,   0,   0,   0],
        [  0,   0,   0,   0,   0,   0,   0,   0],
        [  0,   0,   0,   0,   0,   0,   0,   0],
        [  0,   0,   0,   0,   0,   0,   0,   0],
        [  0,   0,   0,   0,   0,   0,   0,   0],
        [  0,   0,   0,   0,   0,   0,   0,   0]])
2024-12-12 03:25:05,324 - INFO - Accuracy on the test data = [85.83061695098877]
2024-12-12 03:25:05,718 - INFO - -----------------------------  model_cnnLSTM , seq_num = 150, gap = 10, ----------------------------- 
2024-12-12 03:25:54,321 - INFO - loss = [0.47971272, 0.31569132, 0.2758142, 0.25148332, 0.23842366, 0.22710647, 0.21410884, 0.20204721, 0.19050755, 0.17874768, 0.16663468, 0.15556103, 0.14634675, 0.1514282, 0.13850404, 0.12684363, 0.11729752, 0.11262468, 0.102875784, 0.09582801]
2024-12-12 03:25:54,324 - INFO - lr = [0.004, 0.004, 0.004, 0.004, 0.004, 0.004, 0.004, 0.004, 0.004, 0.004, 0.004, 0.004, 0.004, 0.004, 0.004, 0.004, 0.004, 0.004, 0.004, 0.004]
2024-12-12 03:25:55,559 - INFO - 
tensor([[502, 115,   0,   0,   0,   0,   0,   0],
        [107, 504,   0,   0,   0,   0,   0,   0],
        [  0,   0,   0,   0,   0,   0,   0,   0],
        [  0,   0,   0,   0,   0,   0,   0,   0],
        [  0,   0,   0,   0,   0,   0,   0,   0],
        [  0,   0,   0,   0,   0,   0,   0,   0],
        [  0,   0,   0,   0,   0,   0,   0,   0],
        [  0,   0,   0,   0,   0,   0,   0,   0]])
2024-12-12 03:25:55,560 - INFO - Accuracy on the test data = [81.92182183265686]
2024-12-12 03:25:55,885 - INFO - -----------------------------  model_cnnLSTM , seq_num = 150, gap = 15, ----------------------------- 
2024-12-12 03:26:27,640 - INFO - loss = [0.51057756, 0.34817943, 0.30482528, 0.2753112, 0.25597295, 0.24408348, 0.23473923, 0.22505842, 0.21609478, 0.2052752, 0.19658524, 0.18822974, 0.17910047, 0.17031048, 0.1580838, 0.15111618, 0.14335324, 0.1424482, 0.1312538, 0.12177781]
2024-12-12 03:26:27,643 - INFO - lr = [0.004, 0.004, 0.004, 0.004, 0.004, 0.004, 0.004, 0.004, 0.004, 0.004, 0.004, 0.004, 0.004, 0.004, 0.004, 0.004, 0.004, 0.004, 0.004, 0.004]
2024-12-12 03:26:28,897 - INFO - 
tensor([[535,  43,  39,   0,   0,   0,   0,   0],
        [190, 403,  18,   0,   0,   0,   0,   0],
        [  0,   0,   0,   0,   0,   0,   0,   0],
        [  0,   0,   0,   0,   0,   0,   0,   0],
        [  0,   0,   0,   0,   0,   0,   0,   0],
        [  0,   0,   0,   0,   0,   0,   0,   0],
        [  0,   0,   0,   0,   0,   0,   0,   0],
        [  0,   0,   0,   0,   0,   0,   0,   0]])
2024-12-12 03:26:28,898 - INFO - Accuracy on the test data = [76.38436555862427]
2024-12-12 03:26:29,711 - INFO - -----------------------------  model_cnnLSTM , seq_num = 200, gap = 3, ----------------------------- 
2024-12-12 03:27:38,132 - INFO - loss = [0.34599966, 0.22467986, 0.18720342, 0.15593639, 0.13161275, 0.114693515, 0.09510218, 0.07996289]
2024-12-12 03:27:38,136 - INFO - lr = [0.004, 0.004, 0.004, 0.004, 0.004, 0.004, 0.004, 0.004]
2024-12-12 03:27:39,385 - INFO - 
tensor([[474, 143,   0,   0,   0,   0,   0,   0],
        [ 80, 506,   0,   0,   0,   0,   0,   0],
        [  0,   0,   0,   0,   0,   0,   0,   0],
        [  0,   0,   0,   0,   0,   0,   0,   0],
        [  0,   0,   0,   0,   0,   0,   0,   0],
        [  0,   0,   0,   0,   0,   0,   0,   0],
        [  0,   0,   0,   0,   0,   0,   0,   0],
        [  0,   0,   0,   0,   0,   0,   0,   0]])
2024-12-12 03:27:39,386 - INFO - Accuracy on the test data = [81.46300911903381]
2024-12-12 03:27:40,065 - INFO - -----------------------------  model_cnnLSTM , seq_num = 200, gap = 5, ----------------------------- 
2024-12-12 03:28:40,724 - INFO - loss = [0.3816532, 0.25023836, 0.21872285, 0.19497037, 0.17261857, 0.15433955, 0.1342942, 0.119809955, 0.11177695, 0.09484416, 0.082305826, 0.07237461]
2024-12-12 03:28:40,726 - INFO - lr = [0.004, 0.004, 0.004, 0.004, 0.004, 0.004, 0.004, 0.004, 0.004, 0.004, 0.004, 0.004]
2024-12-12 03:28:41,956 - INFO - 
tensor([[472, 145,   0,   0,   0,   0,   0,   0],
        [ 41, 545,   0,   0,   0,   0,   0,   0],
        [  0,   0,   0,   0,   0,   0,   0,   0],
        [  0,   0,   0,   0,   0,   0,   0,   0],
        [  0,   0,   0,   0,   0,   0,   0,   0],
        [  0,   0,   0,   0,   0,   0,   0,   0],
        [  0,   0,   0,   0,   0,   0,   0,   0],
        [  0,   0,   0,   0,   0,   0,   0,   0]])
2024-12-12 03:28:41,957 - INFO - Accuracy on the test data = [84.53865051269531]
2024-12-12 03:28:42,377 - INFO - -----------------------------  model_cnnLSTM , seq_num = 200, gap = 10, ----------------------------- 
2024-12-12 03:29:31,357 - INFO - loss = [0.4593981, 0.30493635, 0.26383966, 0.24215947, 0.22659953, 0.21397978, 0.1987265, 0.18513995, 0.17325397, 0.16080904, 0.15170363, 0.14048685, 0.13028766, 0.12096824, 0.11394336, 0.110281855, 0.09782167, 0.08967132, 0.09287025, 0.08174963]
2024-12-12 03:29:31,360 - INFO - lr = [0.004, 0.004, 0.004, 0.004, 0.004, 0.004, 0.004, 0.004, 0.004, 0.004, 0.004, 0.004, 0.004, 0.004, 0.004, 0.004, 0.004, 0.004, 0.004, 0.004]
2024-12-12 03:29:32,575 - INFO - 
tensor([[414, 198,   5,   0,   0,   0,   0,   0],
        [ 72, 514,   0,   0,   0,   0,   0,   0],
        [  0,   0,   0,   0,   0,   0,   0,   0],
        [  0,   0,   0,   0,   0,   0,   0,   0],
        [  0,   0,   0,   0,   0,   0,   0,   0],
        [  0,   0,   0,   0,   0,   0,   0,   0],
        [  0,   0,   0,   0,   0,   0,   0,   0],
        [  0,   0,   0,   0,   0,   0,   0,   0]])
2024-12-12 03:29:32,576 - INFO - Accuracy on the test data = [77.14048027992249]
2024-12-12 03:29:32,922 - INFO - -----------------------------  model_cnnLSTM , seq_num = 200, gap = 15, ----------------------------- 
2024-12-12 03:30:05,510 - INFO - loss = [0.50251675, 0.33668414, 0.29315105, 0.26243642, 0.2433719, 0.23062783, 0.21980898, 0.21045005, 0.20099257, 0.19045709, 0.18136154, 0.1698889, 0.15979308, 0.15243436, 0.14367414, 0.13680054, 0.12748775, 0.12218928, 0.11601439, 0.1096464]
2024-12-12 03:30:05,513 - INFO - lr = [0.004, 0.004, 0.004, 0.004, 0.004, 0.004, 0.004, 0.004, 0.004, 0.004, 0.004, 0.004, 0.004, 0.004, 0.004, 0.004, 0.004, 0.004, 0.004, 0.004]
2024-12-12 03:30:06,736 - INFO - 
tensor([[567,  24,  26,   0,   0,   0,   0,   0],
        [243, 297,  46,   0,   0,   0,   0,   0],
        [  0,   0,   0,   0,   0,   0,   0,   0],
        [  0,   0,   0,   0,   0,   0,   0,   0],
        [  0,   0,   0,   0,   0,   0,   0,   0],
        [  0,   0,   0,   0,   0,   0,   0,   0],
        [  0,   0,   0,   0,   0,   0,   0,   0],
        [  0,   0,   0,   0,   0,   0,   0,   0]])
2024-12-12 03:30:06,736 - INFO - Accuracy on the test data = [71.82044982910156]
