
2024-12-12 12:27:27,474 - INFO - -----------------------------  model_cnnLSTM , seq_num = 30, gap = 3, ----------------------------- 
2024-12-12 12:30:13,831 - INFO - loss = [0.41437224, 0.32096878, 0.28372258, 0.26189643, 0.24103874, 0.22338709, 0.20964004, 0.20172948, 0.19102748, 0.18013808, 0.17666104, 0.17165157, 0.16005348, 0.17719078, 0.15478995, 0.14304647, 0.13542718, 0.13786596, 0.12683953, 0.12436186]
2024-12-12 12:30:13,832 - INFO - lr = [0.004, 0.004, 0.004, 0.004, 0.004, 0.004, 0.004, 0.004, 0.004, 0.004, 0.004, 0.004, 0.004, 0.004, 0.004, 0.004, 0.004, 0.004, 0.004, 0.004]
2024-12-12 12:30:15,139 - INFO - 
tensor([[550,  78,   0,   0,   0,   0,   0,   0],
        [481, 179,   0,   0,   0,   0,   0,   0],
        [  0,   0,   0,   0,   0,   0,   0,   0],
        [  0,   0,   0,   0,   0,   0,   0,   0],
        [  0,   0,   0,   0,   0,   0,   0,   0],
        [  0,   0,   0,   0,   0,   0,   0,   0],
        [  0,   0,   0,   0,   0,   0,   0,   0],
        [  0,   0,   0,   0,   0,   0,   0,   0]])
2024-12-12 12:30:15,140 - INFO - Accuracy on the test data = [56.59937858581543]
2024-12-12 12:30:15,595 - INFO - -----------------------------  model_cnnLSTM , seq_num = 30, gap = 5, ----------------------------- 
2024-12-12 12:31:55,399 - INFO - loss = [0.43009368, 0.34473407, 0.30449596, 0.2865513, 0.2745256, 0.26250088, 0.24979636, 0.2382653, 0.22751695, 0.21779597, 0.20607263, 0.19916657, 0.18948331, 0.18281494, 0.19501613, 0.17612797, 0.16439381, 0.15524924, 0.15442047, 0.141446]
2024-12-12 12:31:55,401 - INFO - lr = [0.004, 0.004, 0.004, 0.004, 0.004, 0.004, 0.004, 0.004, 0.004, 0.004, 0.004, 0.004, 0.004, 0.004, 0.004, 0.004, 0.004, 0.004, 0.004, 0.004]
2024-12-12 12:31:56,699 - INFO - 
tensor([[588,  40,   0,   0,   0,   0,   0,   0],
        [658,   2,   0,   0,   0,   0,   0,   0],
        [  0,   0,   0,   0,   0,   0,   0,   0],
        [  0,   0,   0,   0,   0,   0,   0,   0],
        [  0,   0,   0,   0,   0,   0,   0,   0],
        [  0,   0,   0,   0,   0,   0,   0,   0],
        [  0,   0,   0,   0,   0,   0,   0,   0],
        [  0,   0,   0,   0,   0,   0,   0,   0]])
2024-12-12 12:31:56,699 - INFO - Accuracy on the test data = [45.807453989982605]
2024-12-12 12:31:57,049 - INFO - -----------------------------  model_cnnLSTM , seq_num = 30, gap = 10, ----------------------------- 
2024-12-12 12:32:46,628 - INFO - loss = [0.4869759, 0.38338277, 0.372658, 0.3534804, 0.32221997, 0.30165175, 0.29207644, 0.2835812, 0.27610496, 0.26979876, 0.26349443, 0.25591537, 0.2475501, 0.23886308, 0.23394848, 0.22372179, 0.21494803, 0.20909722, 0.20147276, 0.19106159]
2024-12-12 12:32:46,631 - INFO - lr = [0.004, 0.004, 0.004, 0.004, 0.004, 0.004, 0.004, 0.004, 0.004, 0.004, 0.004, 0.004, 0.004, 0.004, 0.004, 0.004, 0.004, 0.004, 0.004, 0.004]
2024-12-12 12:32:47,932 - INFO - 
tensor([[628,   0,   0,   0,   0,   0,   0,   0],
        [660,   0,   0,   0,   0,   0,   0,   0],
        [  0,   0,   0,   0,   0,   0,   0,   0],
        [  0,   0,   0,   0,   0,   0,   0,   0],
        [  0,   0,   0,   0,   0,   0,   0,   0],
        [  0,   0,   0,   0,   0,   0,   0,   0],
        [  0,   0,   0,   0,   0,   0,   0,   0],
        [  0,   0,   0,   0,   0,   0,   0,   0]])
2024-12-12 12:32:47,932 - INFO - Accuracy on the test data = [48.75776469707489]
2024-12-12 12:32:48,240 - INFO - -----------------------------  model_cnnLSTM , seq_num = 30, gap = 15, ----------------------------- 
2024-12-12 12:33:21,158 - INFO - loss = [0.4887537, 0.3992411, 0.37754667, 0.36151418, 0.3354596, 0.3146267, 0.30382845, 0.29633957, 0.289919, 0.2852027, 0.27870223, 0.27272943, 0.26785257, 0.26270857, 0.25699738, 0.25062022, 0.24211077, 0.23738714, 0.22676969, 0.21912193]
2024-12-12 12:33:21,160 - INFO - lr = [0.004, 0.004, 0.004, 0.004, 0.004, 0.004, 0.004, 0.004, 0.004, 0.004, 0.004, 0.004, 0.004, 0.004, 0.004, 0.004, 0.004, 0.004, 0.004, 0.004]
2024-12-12 12:33:22,483 - INFO - 
tensor([[617,  10,   1,   0,   0,   0,   0,   0],
        [653,   7,   0,   0,   0,   0,   0,   0],
        [  0,   0,   0,   0,   0,   0,   0,   0],
        [  0,   0,   0,   0,   0,   0,   0,   0],
        [  0,   0,   0,   0,   0,   0,   0,   0],
        [  0,   0,   0,   0,   0,   0,   0,   0],
        [  0,   0,   0,   0,   0,   0,   0,   0],
        [  0,   0,   0,   0,   0,   0,   0,   0]])
2024-12-12 12:33:22,483 - INFO - Accuracy on the test data = [48.447203636169434]
2024-12-12 12:33:23,091 - INFO - -----------------------------  model_cnnLSTM , seq_num = 50, gap = 3, ----------------------------- 
2024-12-12 12:36:03,208 - INFO - loss = [0.40853548, 0.29177025, 0.25651157, 0.2304377, 0.20793962, 0.18790525, 0.17324083, 0.16572413, 0.14848031, 0.1456208, 0.13273717, 0.12311007, 0.115324296, 0.109542474, 0.10126467, 0.09446308, 0.08626108, 0.08593084, 0.07466762]
2024-12-12 12:36:03,209 - INFO - lr = [0.004, 0.004, 0.004, 0.004, 0.004, 0.004, 0.004, 0.004, 0.004, 0.004, 0.004, 0.004, 0.004, 0.004, 0.004, 0.004, 0.004, 0.004, 0.004]
2024-12-12 12:36:04,516 - INFO - 
tensor([[473, 145,   0,   0,   0,   0,   0,   0],
        [360, 296,   0,   0,   0,   3,   1,   0],
        [  0,   0,   0,   0,   0,   0,   0,   0],
        [  0,   0,   0,   0,   0,   0,   0,   0],
        [  0,   0,   0,   0,   0,   0,   0,   0],
        [  0,   0,   0,   0,   0,   0,   0,   0],
        [  0,   0,   0,   0,   0,   0,   0,   0],
        [  0,   0,   0,   0,   0,   0,   0,   0]])
2024-12-12 12:36:04,517 - INFO - Accuracy on the test data = [60.1721465587616]
2024-12-12 12:36:04,942 - INFO - -----------------------------  model_cnnLSTM , seq_num = 50, gap = 5, ----------------------------- 
2024-12-12 12:37:45,478 - INFO - loss = [0.4423535, 0.36842164, 0.3050028, 0.2733711, 0.25449592, 0.23715797, 0.22064443, 0.204359, 0.1978068, 0.18629739, 0.17404039, 0.164117, 0.15452802, 0.14608476, 0.1362226, 0.13361964, 0.13155812, 0.11799257, 0.10999217, 0.10933033]
2024-12-12 12:37:45,479 - INFO - lr = [0.004, 0.004, 0.004, 0.004, 0.004, 0.004, 0.004, 0.004, 0.004, 0.004, 0.004, 0.004, 0.004, 0.004, 0.004, 0.004, 0.004, 0.004, 0.004, 0.004]
2024-12-12 12:37:46,781 - INFO - 
tensor([[562,  56,   0,   0,   0,   0,   0,   0],
        [507, 150,   0,   0,   0,   3,   0,   0],
        [  0,   0,   0,   0,   0,   0,   0,   0],
        [  0,   0,   0,   0,   0,   0,   0,   0],
        [  0,   0,   0,   0,   0,   0,   0,   0],
        [  0,   0,   0,   0,   0,   0,   0,   0],
        [  0,   0,   0,   0,   0,   0,   0,   0],
        [  0,   0,   0,   0,   0,   0,   0,   0]])
2024-12-12 12:37:46,782 - INFO - Accuracy on the test data = [55.71205019950867]
2024-12-12 12:37:47,133 - INFO - -----------------------------  model_cnnLSTM , seq_num = 50, gap = 10, ----------------------------- 
2024-12-12 12:38:37,793 - INFO - loss = [0.46257433, 0.37589645, 0.33793068, 0.29048392, 0.27602515, 0.26115498, 0.25172058, 0.24144, 0.228641, 0.21797115, 0.2070299, 0.19949424, 0.18775204, 0.17848085, 0.16771446, 0.15776114, 0.17221496, 0.15329283, 0.13966145, 0.12816028]
2024-12-12 12:38:37,797 - INFO - lr = [0.004, 0.004, 0.004, 0.004, 0.004, 0.004, 0.004, 0.004, 0.004, 0.004, 0.004, 0.004, 0.004, 0.004, 0.004, 0.004, 0.004, 0.004, 0.004, 0.004]
2024-12-12 12:38:39,103 - INFO - 
tensor([[489, 129,   0,   0,   0,   0,   0,   0],
        [533, 127,   0,   0,   0,   0,   0,   0],
        [  0,   0,   0,   0,   0,   0,   0,   0],
        [  0,   0,   0,   0,   0,   0,   0,   0],
        [  0,   0,   0,   0,   0,   0,   0,   0],
        [  0,   0,   0,   0,   0,   0,   0,   0],
        [  0,   0,   0,   0,   0,   0,   0,   0],
        [  0,   0,   0,   0,   0,   0,   0,   0]])
2024-12-12 12:38:39,103 - INFO - Accuracy on the test data = [48.20031225681305]
2024-12-12 12:38:39,402 - INFO - -----------------------------  model_cnnLSTM , seq_num = 50, gap = 15, ----------------------------- 
2024-12-12 12:39:12,541 - INFO - loss = [0.49372387, 0.40448356, 0.3895556, 0.3657991, 0.3383449, 0.3081697, 0.28991398, 0.2813166, 0.27024692, 0.2624691, 0.25407693, 0.24673583, 0.2375483, 0.23236223, 0.22419417, 0.21344261, 0.20698547, 0.19991808, 0.18989141, 0.17965138]
2024-12-12 12:39:12,543 - INFO - lr = [0.004, 0.004, 0.004, 0.004, 0.004, 0.004, 0.004, 0.004, 0.004, 0.004, 0.004, 0.004, 0.004, 0.004, 0.004, 0.004, 0.004, 0.004, 0.004, 0.004]
2024-12-12 12:39:13,842 - INFO - 
tensor([[478, 136,   4,   0,   0,   0,   0,   0],
        [499, 159,   0,   2,   0,   0,   0,   0],
        [  0,   0,   0,   0,   0,   0,   0,   0],
        [  0,   0,   0,   0,   0,   0,   0,   0],
        [  0,   0,   0,   0,   0,   0,   0,   0],
        [  0,   0,   0,   0,   0,   0,   0,   0],
        [  0,   0,   0,   0,   0,   0,   0,   0],
        [  0,   0,   0,   0,   0,   0,   0,   0]])
2024-12-12 12:39:13,843 - INFO - Accuracy on the test data = [49.84350502490997]
2024-12-12 12:39:14,397 - INFO - -----------------------------  model_cnnLSTM , seq_num = 80, gap = 3, ----------------------------- 
2024-12-12 12:41:06,328 - INFO - loss = [0.4092502, 0.28157452, 0.23297422, 0.20162179, 0.18113583, 0.16003853, 0.14178745, 0.1274988, 0.11531301, 0.11021853, 0.09683542, 0.09243217, 0.07911772]
2024-12-12 12:41:06,329 - INFO - lr = [0.004, 0.004, 0.004, 0.004, 0.004, 0.004, 0.004, 0.004, 0.004, 0.004, 0.004, 0.004, 0.004]
2024-12-12 12:41:07,612 - INFO - 
tensor([[529,  88,   0,   0,   0,   0,   0,   0],
        [206, 440,   0,   0,   0,   0,   0,   0],
        [  0,   0,   0,   0,   0,   0,   0,   0],
        [  0,   0,   0,   0,   0,   0,   0,   0],
        [  0,   0,   0,   0,   0,   0,   0,   0],
        [  0,   0,   0,   0,   0,   0,   0,   0],
        [  0,   0,   0,   0,   0,   0,   0,   0],
        [  0,   0,   0,   0,   0,   0,   0,   0]])
2024-12-12 12:41:07,612 - INFO - Accuracy on the test data = [76.72209143638611]
2024-12-12 12:41:08,075 - INFO - -----------------------------  model_cnnLSTM , seq_num = 80, gap = 5, ----------------------------- 
2024-12-12 12:42:42,026 - INFO - loss = [0.43211207, 0.31874785, 0.2618155, 0.2377933, 0.21730395, 0.20166215, 0.18319145, 0.16877663, 0.15515086, 0.14672938, 0.13796888, 0.124975115, 0.114541546, 0.107178524, 0.09419048, 0.09566795, 0.086997844, 0.075762905]
2024-12-12 12:42:42,027 - INFO - lr = [0.004, 0.004, 0.004, 0.004, 0.004, 0.004, 0.004, 0.004, 0.004, 0.004, 0.004, 0.004, 0.004, 0.004, 0.004, 0.004, 0.004, 0.004]
2024-12-12 12:42:43,326 - INFO - 
tensor([[464, 153,   0,   0,   0,   0,   0,   0],
        [131, 515,   0,   0,   0,   0,   0,   0],
        [  0,   0,   0,   0,   0,   0,   0,   0],
        [  0,   0,   0,   0,   0,   0,   0,   0],
        [  0,   0,   0,   0,   0,   0,   0,   0],
        [  0,   0,   0,   0,   0,   0,   0,   0],
        [  0,   0,   0,   0,   0,   0,   0,   0],
        [  0,   0,   0,   0,   0,   0,   0,   0]])
2024-12-12 12:42:43,327 - INFO - Accuracy on the test data = [77.51385569572449]
2024-12-12 12:42:43,683 - INFO - -----------------------------  model_cnnLSTM , seq_num = 80, gap = 10, ----------------------------- 
2024-12-12 12:43:34,708 - INFO - loss = [0.46291357, 0.34363198, 0.28162912, 0.25682905, 0.24011919, 0.22570816, 0.21461004, 0.2056971, 0.19298653, 0.18043478, 0.17075127, 0.16138545, 0.14965716, 0.15972203, 0.15138394, 0.13954762, 0.12712766, 0.116252646, 0.10769403, 0.09992954]
2024-12-12 12:43:34,711 - INFO - lr = [0.004, 0.004, 0.004, 0.004, 0.004, 0.004, 0.004, 0.004, 0.004, 0.004, 0.004, 0.004, 0.004, 0.004, 0.002, 0.002, 0.002, 0.002, 0.002, 0.002]
2024-12-12 12:43:35,998 - INFO - 
tensor([[457, 160,   0,   0,   0,   0,   0,   0],
        [191, 453,   1,   1,   0,   0,   0,   0],
        [  0,   0,   0,   0,   0,   0,   0,   0],
        [  0,   0,   0,   0,   0,   0,   0,   0],
        [  0,   0,   0,   0,   0,   0,   0,   0],
        [  0,   0,   0,   0,   0,   0,   0,   0],
        [  0,   0,   0,   0,   0,   0,   0,   0],
        [  0,   0,   0,   0,   0,   0,   0,   0]])
2024-12-12 12:43:35,999 - INFO - Accuracy on the test data = [72.05067276954651]
2024-12-12 12:43:36,307 - INFO - -----------------------------  model_cnnLSTM , seq_num = 80, gap = 15, ----------------------------- 
2024-12-12 12:44:10,107 - INFO - loss = [0.51372105, 0.3993001, 0.37264463, 0.35721514, 0.3222666, 0.28676686, 0.27321687, 0.262265, 0.25219548, 0.2430314, 0.23468453, 0.22770272, 0.22264367, 0.21307851, 0.20189333, 0.19776832, 0.18793094, 0.18148369, 0.17391269, 0.17366673]
2024-12-12 12:44:10,109 - INFO - lr = [0.004, 0.004, 0.004, 0.004, 0.004, 0.004, 0.004, 0.004, 0.004, 0.004, 0.004, 0.004, 0.004, 0.004, 0.004, 0.004, 0.004, 0.004, 0.004, 0.004]
2024-12-12 12:44:11,394 - INFO - 
tensor([[392, 225,   0,   0,   0,   0,   0,   0],
        [258, 386,   0,   1,   0,   0,   1,   0],
        [  0,   0,   0,   0,   0,   0,   0,   0],
        [  0,   0,   0,   0,   0,   0,   0,   0],
        [  0,   0,   0,   0,   0,   0,   0,   0],
        [  0,   0,   0,   0,   0,   0,   0,   0],
        [  0,   0,   0,   0,   0,   0,   0,   0],
        [  0,   0,   0,   0,   0,   0,   0,   0]])
2024-12-12 12:44:11,395 - INFO - Accuracy on the test data = [61.59936785697937]
2024-12-12 12:44:12,012 - INFO - -----------------------------  model_cnnLSTM , seq_num = 100, gap = 3, ----------------------------- 
2024-12-12 12:45:57,675 - INFO - loss = [0.39027807, 0.2561042, 0.21095395, 0.18182635, 0.15939094, 0.14423484, 0.12648, 0.1180955, 0.101645276, 0.09271398, 0.08260691, 0.077903904]
2024-12-12 12:45:57,677 - INFO - lr = [0.004, 0.004, 0.004, 0.004, 0.004, 0.004, 0.004, 0.004, 0.004, 0.004, 0.004, 0.004]
2024-12-12 12:45:58,969 - INFO - 
tensor([[442, 175,   0,   0,   0,   0,   0,   0],
        [ 64, 572,   0,   0,   0,   0,   0,   0],
        [  0,   0,   0,   0,   0,   0,   0,   0],
        [  0,   0,   0,   0,   0,   0,   0,   0],
        [  0,   0,   0,   0,   0,   0,   0,   0],
        [  0,   0,   0,   0,   0,   0,   0,   0],
        [  0,   0,   0,   0,   0,   0,   0,   0],
        [  0,   0,   0,   0,   0,   0,   0,   0]])
2024-12-12 12:45:58,970 - INFO - Accuracy on the test data = [80.92578053474426]
2024-12-12 12:45:59,585 - INFO - -----------------------------  model_cnnLSTM , seq_num = 100, gap = 5, ----------------------------- 
2024-12-12 12:47:27,522 - INFO - loss = [0.43717343, 0.3248148, 0.25563794, 0.22515085, 0.2016714, 0.18279384, 0.16842595, 0.15317672, 0.14412247, 0.1310444, 0.12513065, 0.11689453, 0.102985874, 0.093241885, 0.0920212, 0.08169781, 0.075155064]
2024-12-12 12:47:27,523 - INFO - lr = [0.004, 0.004, 0.004, 0.004, 0.004, 0.004, 0.004, 0.004, 0.004, 0.004, 0.004, 0.004, 0.004, 0.004, 0.004, 0.004, 0.004]
2024-12-12 12:47:28,799 - INFO - 
tensor([[411, 206,   0,   0,   0,   0,   0,   0],
        [ 70, 566,   0,   0,   0,   0,   0,   0],
        [  0,   0,   0,   0,   0,   0,   0,   0],
        [  0,   0,   0,   0,   0,   0,   0,   0],
        [  0,   0,   0,   0,   0,   0,   0,   0],
        [  0,   0,   0,   0,   0,   0,   0,   0],
        [  0,   0,   0,   0,   0,   0,   0,   0],
        [  0,   0,   0,   0,   0,   0,   0,   0]])
2024-12-12 12:47:28,799 - INFO - Accuracy on the test data = [77.9728651046753]
2024-12-12 12:47:29,285 - INFO - -----------------------------  model_cnnLSTM , seq_num = 100, gap = 10, ----------------------------- 
2024-12-12 12:48:25,271 - INFO - loss = [0.4725461, 0.3689732, 0.3119417, 0.26689127, 0.24734586, 0.2307595, 0.21640742, 0.20515358, 0.19111389, 0.1802246, 0.171883, 0.15950939, 0.16472003, 0.15865463, 0.14855978, 0.13630678, 0.12569778, 0.11640212, 0.10594932, 0.09712392]
2024-12-12 12:48:25,274 - INFO - lr = [0.004, 0.004, 0.004, 0.004, 0.004, 0.004, 0.004, 0.004, 0.004, 0.004, 0.004, 0.004, 0.004, 0.004, 0.004, 0.004, 0.004, 0.004, 0.004, 0.004]
2024-12-12 12:48:26,579 - INFO - 
tensor([[536,  81,   0,   0,   0,   0,   0,   0],
        [170, 451,   0,  15,   0,   0,   0,   0],
        [  0,   0,   0,   0,   0,   0,   0,   0],
        [  0,   0,   0,   0,   0,   0,   0,   0],
        [  0,   0,   0,   0,   0,   0,   0,   0],
        [  0,   0,   0,   0,   0,   0,   0,   0],
        [  0,   0,   0,   0,   0,   0,   0,   0],
        [  0,   0,   0,   0,   0,   0,   0,   0]])
2024-12-12 12:48:26,579 - INFO - Accuracy on the test data = [78.77094745635986]
2024-12-12 12:48:27,018 - INFO - -----------------------------  model_cnnLSTM , seq_num = 100, gap = 15, ----------------------------- 
2024-12-12 12:49:09,418 - INFO - loss = [0.51561505, 0.39877653, 0.38717577, 0.36087036, 0.33244386, 0.29315707, 0.26749018, 0.25644127, 0.2459761, 0.23726875, 0.22869563, 0.21969716, 0.21046883, 0.20153965, 0.19290996, 0.18902512, 0.18471713, 0.1751734, 0.16334088, 0.1574396]
2024-12-12 12:49:09,420 - INFO - lr = [0.004, 0.004, 0.004, 0.004, 0.004, 0.004, 0.004, 0.004, 0.004, 0.004, 0.004, 0.004, 0.004, 0.004, 0.004, 0.004, 0.004, 0.004, 0.004, 0.004]
2024-12-12 12:49:10,761 - INFO - 
tensor([[556,  61,   0,   0,   0,   0,   0,   0],
        [481, 146,   0,   9,   0,   0,   0,   0],
        [  0,   0,   0,   0,   0,   0,   0,   0],
        [  0,   0,   0,   0,   0,   0,   0,   0],
        [  0,   0,   0,   0,   0,   0,   0,   0],
        [  0,   0,   0,   0,   0,   0,   0,   0],
        [  0,   0,   0,   0,   0,   0,   0,   0],
        [  0,   0,   0,   0,   0,   0,   0,   0]])
2024-12-12 12:49:10,761 - INFO - Accuracy on the test data = [56.025540828704834]
2024-12-12 12:49:11,553 - INFO - -----------------------------  model_cnnLSTM , seq_num = 150, gap = 3, ----------------------------- 
2024-12-12 12:50:51,713 - INFO - loss = [0.38398138, 0.23870791, 0.19231065, 0.15955278, 0.13747439, 0.11723997, 0.10306418, 0.08999463, 0.078191295]
2024-12-12 12:50:51,716 - INFO - lr = [0.004, 0.004, 0.004, 0.004, 0.004, 0.004, 0.004, 0.004, 0.004]
2024-12-12 12:50:53,037 - INFO - 
tensor([[462, 155,   0,   0,   0,   0,   0,   0],
        [ 48, 563,   0,   0,   0,   0,   0,   0],
        [  0,   0,   0,   0,   0,   0,   0,   0],
        [  0,   0,   0,   0,   0,   0,   0,   0],
        [  0,   0,   0,   0,   0,   0,   0,   0],
        [  0,   0,   0,   0,   0,   0,   0,   0],
        [  0,   0,   0,   0,   0,   0,   0,   0],
        [  0,   0,   0,   0,   0,   0,   0,   0]])
2024-12-12 12:50:53,038 - INFO - Accuracy on the test data = [83.46905708312988]
2024-12-12 12:50:53,670 - INFO - -----------------------------  model_cnnLSTM , seq_num = 150, gap = 5, ----------------------------- 
2024-12-12 12:52:35,727 - INFO - loss = [0.43838504, 0.32650822, 0.2540031, 0.22322968, 0.19551468, 0.18207824, 0.16003464, 0.14273739, 0.13302448, 0.1193327, 0.108380005, 0.10246043, 0.09013082, 0.08582101, 0.07735499]
2024-12-12 12:52:35,728 - INFO - lr = [0.004, 0.004, 0.004, 0.004, 0.004, 0.004, 0.004, 0.004, 0.004, 0.004, 0.004, 0.004, 0.004, 0.004, 0.004]
2024-12-12 12:52:37,045 - INFO - 
tensor([[463, 154,   0,   0,   0,   0,   0,   0],
        [ 47, 564,   0,   0,   0,   0,   0,   0],
        [  0,   0,   0,   0,   0,   0,   0,   0],
        [  0,   0,   0,   0,   0,   0,   0,   0],
        [  0,   0,   0,   0,   0,   0,   0,   0],
        [  0,   0,   0,   0,   0,   0,   0,   0],
        [  0,   0,   0,   0,   0,   0,   0,   0],
        [  0,   0,   0,   0,   0,   0,   0,   0]])
2024-12-12 12:52:37,046 - INFO - Accuracy on the test data = [83.63192081451416]
2024-12-12 12:52:37,589 - INFO - -----------------------------  model_cnnLSTM , seq_num = 150, gap = 10, ----------------------------- 
2024-12-12 12:53:43,491 - INFO - loss = [0.48704058, 0.38729712, 0.34602532, 0.2802174, 0.25097, 0.23439401, 0.21866435, 0.20373395, 0.1881881, 0.17394868, 0.166479, 0.16462544, 0.15070431, 0.13809562, 0.12733814, 0.11702007, 0.111426175, 0.11146706, 0.099217184, 0.09098148]
2024-12-12 12:53:43,494 - INFO - lr = [0.004, 0.004, 0.004, 0.004, 0.004, 0.004, 0.004, 0.004, 0.004, 0.004, 0.004, 0.004, 0.004, 0.004, 0.004, 0.004, 0.004, 0.004, 0.004, 0.004]
2024-12-12 12:53:44,788 - INFO - 
tensor([[492, 125,   0,   0,   0,   0,   0,   0],
        [141, 470,   0,   0,   0,   0,   0,   0],
        [  0,   0,   0,   0,   0,   0,   0,   0],
        [  0,   0,   0,   0,   0,   0,   0,   0],
        [  0,   0,   0,   0,   0,   0,   0,   0],
        [  0,   0,   0,   0,   0,   0,   0,   0],
        [  0,   0,   0,   0,   0,   0,   0,   0],
        [  0,   0,   0,   0,   0,   0,   0,   0]])
2024-12-12 12:53:44,789 - INFO - Accuracy on the test data = [78.33876013755798]
2024-12-12 12:53:45,156 - INFO - -----------------------------  model_cnnLSTM , seq_num = 150, gap = 15, ----------------------------- 
2024-12-12 12:54:28,958 - INFO - loss = [0.5277012, 0.40574703, 0.3790617, 0.37126008, 0.3443029, 0.29595992, 0.26263878, 0.25174534, 0.24146204, 0.23209715, 0.2223932, 0.21400969, 0.20477368, 0.19608974, 0.18730576, 0.17634982, 0.1654645, 0.1570792, 0.16937101, 0.19158746]
2024-12-12 12:54:28,959 - INFO - lr = [0.004, 0.004, 0.004, 0.004, 0.004, 0.004, 0.004, 0.004, 0.004, 0.004, 0.004, 0.004, 0.004, 0.004, 0.004, 0.004, 0.004, 0.004, 0.004, 0.002]
2024-12-12 12:54:30,290 - INFO - 
tensor([[617,   0,   0,   0,   0,   0,   0,   0],
        [611,   0,   0,   0,   0,   0,   0,   0],
        [  0,   0,   0,   0,   0,   0,   0,   0],
        [  0,   0,   0,   0,   0,   0,   0,   0],
        [  0,   0,   0,   0,   0,   0,   0,   0],
        [  0,   0,   0,   0,   0,   0,   0,   0],
        [  0,   0,   0,   0,   0,   0,   0,   0],
        [  0,   0,   0,   0,   0,   0,   0,   0]])
2024-12-12 12:54:30,290 - INFO - Accuracy on the test data = [50.244301557540894]
2024-12-12 12:54:31,175 - INFO - -----------------------------  model_cnnLSTM , seq_num = 200, gap = 3, ----------------------------- 
2024-12-12 12:56:16,871 - INFO - loss = [0.40269506, 0.2522979, 0.2018814, 0.16904953, 0.13970838, 0.11965963, 0.10532171, 0.08887691, 0.07773988]
2024-12-12 12:56:16,875 - INFO - lr = [0.004, 0.004, 0.004, 0.004, 0.004, 0.004, 0.004, 0.004, 0.004]
2024-12-12 12:56:18,181 - INFO - 
tensor([[531,  86,   0,   0,   0,   0,   0,   0],
        [ 86, 500,   0,   0,   0,   0,   0,   0],
        [  0,   0,   0,   0,   0,   0,   0,   0],
        [  0,   0,   0,   0,   0,   0,   0,   0],
        [  0,   0,   0,   0,   0,   0,   0,   0],
        [  0,   0,   0,   0,   0,   0,   0,   0],
        [  0,   0,   0,   0,   0,   0,   0,   0],
        [  0,   0,   0,   0,   0,   0,   0,   0]])
2024-12-12 12:56:18,181 - INFO - Accuracy on the test data = [85.70241332054138]
2024-12-12 12:56:19,016 - INFO - -----------------------------  model_cnnLSTM , seq_num = 200, gap = 5, ----------------------------- 
2024-12-12 12:57:49,510 - INFO - loss = [0.4315591, 0.28495467, 0.22849673, 0.19406515, 0.16660203, 0.15704253, 0.13501438, 0.116613716, 0.109343186, 0.10062643, 0.0891777, 0.08120203, 0.06989054]
2024-12-12 12:57:49,512 - INFO - lr = [0.004, 0.004, 0.004, 0.004, 0.004, 0.004, 0.004, 0.004, 0.004, 0.004, 0.004, 0.004, 0.004]
2024-12-12 12:57:50,816 - INFO - 
tensor([[321, 296,   0,   0,   0,   0,   0,   0],
        [ 27, 559,   0,   0,   0,   0,   0,   0],
        [  0,   0,   0,   0,   0,   0,   0,   0],
        [  0,   0,   0,   0,   0,   0,   0,   0],
        [  0,   0,   0,   0,   0,   0,   0,   0],
        [  0,   0,   0,   0,   0,   0,   0,   0],
        [  0,   0,   0,   0,   0,   0,   0,   0],
        [  0,   0,   0,   0,   0,   0,   0,   0]])
2024-12-12 12:57:50,816 - INFO - Accuracy on the test data = [73.15045595169067]
2024-12-12 12:57:51,284 - INFO - -----------------------------  model_cnnLSTM , seq_num = 200, gap = 10, ----------------------------- 
2024-12-12 12:58:59,309 - INFO - loss = [0.49729383, 0.37800926, 0.33729163, 0.27329326, 0.24467151, 0.22791858, 0.21107312, 0.19584039, 0.17966883, 0.16597676, 0.15428573, 0.14363159, 0.13738196, 0.12700436, 0.11613407, 0.10479365, 0.105632335, 0.1061312, 0.08722535, 0.080579534]
2024-12-12 12:58:59,312 - INFO - lr = [0.004, 0.004, 0.004, 0.004, 0.004, 0.004, 0.004, 0.004, 0.004, 0.004, 0.004, 0.004, 0.004, 0.004, 0.004, 0.004, 0.004, 0.002, 0.002, 0.002]
2024-12-12 12:59:00,679 - INFO - 
tensor([[522,  95,   0,   0,   0,   0,   0,   0],
        [221, 361,   4,   0,   0,   0,   0,   0],
        [  0,   0,   0,   0,   0,   0,   0,   0],
        [  0,   0,   0,   0,   0,   0,   0,   0],
        [  0,   0,   0,   0,   0,   0,   0,   0],
        [  0,   0,   0,   0,   0,   0,   0,   0],
        [  0,   0,   0,   0,   0,   0,   0,   0],
        [  0,   0,   0,   0,   0,   0,   0,   0]])
2024-12-12 12:59:00,679 - INFO - Accuracy on the test data = [73.39983582496643]
2024-12-12 12:59:01,049 - INFO - -----------------------------  model_cnnLSTM , seq_num = 200, gap = 15, ----------------------------- 
2024-12-12 12:59:36,888 - INFO - loss = [0.52079505, 0.39664745, 0.37784123, 0.3355044, 0.28336966, 0.25379896, 0.24207222, 0.22868705, 0.21612917, 0.20408142, 0.19170034, 0.18012977, 0.1710407, 0.16381733, 0.1556713, 0.14558221, 0.13467856, 0.12538831, 0.11770006, 0.11316682]
2024-12-12 12:59:36,890 - INFO - lr = [0.004, 0.004, 0.004, 0.004, 0.004, 0.004, 0.004, 0.004, 0.004, 0.004, 0.004, 0.004, 0.004, 0.004, 0.004, 0.004, 0.004, 0.004, 0.004, 0.004]
2024-12-12 12:59:38,119 - INFO - 
tensor([[384, 232,   1,   0,   0,   0,   0,   0],
        [ 67, 504,  15,   0,   0,   0,   0,   0],
        [  0,   0,   0,   0,   0,   0,   0,   0],
        [  0,   0,   0,   0,   0,   0,   0,   0],
        [  0,   0,   0,   0,   0,   0,   0,   0],
        [  0,   0,   0,   0,   0,   0,   0,   0],
        [  0,   0,   0,   0,   0,   0,   0,   0],
        [  0,   0,   0,   0,   0,   0,   0,   0]])
2024-12-12 12:59:38,120 - INFO - Accuracy on the test data = [73.81545901298523]

