2024-12-12 14:49:13,298 - INFO - -----------------------------  model_cnnLSTM , seq_num = 30, gap = 3, ----------------------------- 
2024-12-12 14:51:40,482 - INFO - loss = [0.43096897, 0.36662334, 0.31231925, 0.28610086, 0.26982412, 0.25316283, 0.23788795, 0.22024138, 0.20932755, 0.19658126, 0.18799213, 0.18149532, 0.17399056, 0.16845736, 0.15659915, 0.16034673, 0.14723387, 0.13868454, 0.13286366, 0.12728684]
2024-12-12 14:51:40,483 - INFO - lr = [0.004, 0.004, 0.004, 0.004, 0.004, 0.004, 0.004, 0.004, 0.004, 0.004, 0.004, 0.004, 0.004, 0.004, 0.004, 0.004, 0.004, 0.004, 0.004, 0.004]
2024-12-12 14:51:42,254 - INFO - 
tensor([[562,  64,   1,   0,   0,   1,   0,   0],
        [493, 161,   1,   0,   0,   0,   5,   0],
        [  0,   0,   0,   0,   0,   0,   0,   0],
        [  0,   0,   0,   0,   0,   0,   0,   0],
        [  0,   0,   0,   0,   0,   0,   0,   0],
        [  0,   0,   0,   0,   0,   0,   0,   0],
        [  0,   0,   0,   0,   0,   0,   0,   0],
        [  0,   0,   0,   0,   0,   0,   0,   0]])
2024-12-12 14:51:42,254 - INFO - Accuracy on the test data = [56.133538484573364]
2024-12-12 14:51:42,660 - INFO - -----------------------------  model_cnnLSTM , seq_num = 30, gap = 5, ----------------------------- 
2024-12-12 14:53:14,651 - INFO - loss = [0.45571715, 0.3810103, 0.35180154, 0.3114841, 0.29249585, 0.2807025, 0.27099735, 0.26092404, 0.24822819, 0.23591998, 0.22384945, 0.2118218, 0.20754334, 0.19806975, 0.18862182, 0.17814517, 0.17242582, 0.16638583, 0.15405156, 0.14943993]
2024-12-12 14:53:14,652 - INFO - lr = [0.004, 0.004, 0.004, 0.004, 0.004, 0.004, 0.004, 0.004, 0.004, 0.004, 0.004, 0.004, 0.004, 0.004, 0.004, 0.004, 0.004, 0.004, 0.004, 0.004]
2024-12-12 14:53:16,033 - INFO - 
tensor([[601,  27,   0,   0,   0,   0,   0,   0],
        [642,  18,   0,   0,   0,   0,   0,   0],
        [  0,   0,   0,   0,   0,   0,   0,   0],
        [  0,   0,   0,   0,   0,   0,   0,   0],
        [  0,   0,   0,   0,   0,   0,   0,   0],
        [  0,   0,   0,   0,   0,   0,   0,   0],
        [  0,   0,   0,   0,   0,   0,   0,   0],
        [  0,   0,   0,   0,   0,   0,   0,   0]])
2024-12-12 14:53:16,034 - INFO - Accuracy on the test data = [48.05900752544403]
2024-12-12 14:53:16,469 - INFO - -----------------------------  model_cnnLSTM , seq_num = 30, gap = 10, ----------------------------- 
2024-12-12 14:54:02,544 - INFO - loss = [0.50756097, 0.40270048, 0.38498485, 0.37997088, 0.37376487, 0.35825554, 0.33716488, 0.3122613, 0.29848552, 0.29080003, 0.28433943, 0.2771384, 0.27187255, 0.2652824, 0.25897947, 0.25241777, 0.2431123, 0.23498325, 0.22983032, 0.21963778]
2024-12-12 14:54:02,547 - INFO - lr = [0.004, 0.004, 0.004, 0.004, 0.004, 0.004, 0.004, 0.004, 0.004, 0.004, 0.004, 0.004, 0.004, 0.004, 0.004, 0.004, 0.004, 0.004, 0.004, 0.004]
2024-12-12 14:54:03,855 - INFO - 
tensor([[585,  43,   0,   0,   0,   0,   0,   0],
        [656,   4,   0,   0,   0,   0,   0,   0],
        [  0,   0,   0,   0,   0,   0,   0,   0],
        [  0,   0,   0,   0,   0,   0,   0,   0],
        [  0,   0,   0,   0,   0,   0,   0,   0],
        [  0,   0,   0,   0,   0,   0,   0,   0],
        [  0,   0,   0,   0,   0,   0,   0,   0],
        [  0,   0,   0,   0,   0,   0,   0,   0]])
2024-12-12 14:54:03,855 - INFO - Accuracy on the test data = [45.72981297969818]
2024-12-12 14:54:04,133 - INFO - -----------------------------  model_cnnLSTM , seq_num = 30, gap = 15, ----------------------------- 
2024-12-12 14:54:33,823 - INFO - loss = [0.5752626, 0.40510496, 0.40358368, 0.38724104, 0.3884182, 0.37795123, 0.3674413, 0.35103336, 0.3334389, 0.3151868, 0.30443954, 0.2967609, 0.2901252, 0.28431997, 0.28044045, 0.27576467, 0.27152348, 0.26677158, 0.2614133, 0.25374827]
2024-12-12 14:54:33,825 - INFO - lr = [0.004, 0.004, 0.004, 0.004, 0.004, 0.004, 0.004, 0.004, 0.004, 0.004, 0.004, 0.004, 0.004, 0.004, 0.004, 0.004, 0.004, 0.004, 0.004, 0.004]
2024-12-12 14:54:35,211 - INFO - 
tensor([[628,   0,   0,   0,   0,   0,   0,   0],
        [660,   0,   0,   0,   0,   0,   0,   0],
        [  0,   0,   0,   0,   0,   0,   0,   0],
        [  0,   0,   0,   0,   0,   0,   0,   0],
        [  0,   0,   0,   0,   0,   0,   0,   0],
        [  0,   0,   0,   0,   0,   0,   0,   0],
        [  0,   0,   0,   0,   0,   0,   0,   0],
        [  0,   0,   0,   0,   0,   0,   0,   0]])
2024-12-12 14:54:35,211 - INFO - Accuracy on the test data = [48.75776469707489]
2024-12-12 14:54:35,685 - INFO - -----------------------------  model_cnnLSTM , seq_num = 50, gap = 3, ----------------------------- 
2024-12-12 14:57:10,915 - INFO - loss = [0.4307695, 0.34948465, 0.28155226, 0.25604948, 0.23223132, 0.21041256, 0.19476584, 0.17619514, 0.17102173, 0.15634838, 0.14248836, 0.13425288, 0.12489769, 0.11842816, 0.11302225, 0.10187219, 0.09277626, 0.088510156, 0.083150536, 0.07871481]
2024-12-12 14:57:10,916 - INFO - lr = [0.004, 0.004, 0.004, 0.004, 0.004, 0.004, 0.004, 0.004, 0.004, 0.004, 0.004, 0.004, 0.004, 0.004, 0.004, 0.004, 0.004, 0.004, 0.004, 0.004]
2024-12-12 14:57:12,247 - INFO - 
tensor([[372, 246,   0,   0,   0,   0,   0,   0],
        [160, 485,   0,   0,   0,  13,   2,   0],
        [  0,   0,   0,   0,   0,   0,   0,   0],
        [  0,   0,   0,   0,   0,   0,   0,   0],
        [  0,   0,   0,   0,   0,   0,   0,   0],
        [  0,   0,   0,   0,   0,   0,   0,   0],
        [  0,   0,   0,   0,   0,   0,   0,   0],
        [  0,   0,   0,   0,   0,   0,   0,   0]])
2024-12-12 14:57:12,248 - INFO - Accuracy on the test data = [67.05790162086487]
2024-12-12 14:57:12,639 - INFO - -----------------------------  model_cnnLSTM , seq_num = 50, gap = 5, ----------------------------- 
2024-12-12 14:58:45,391 - INFO - loss = [0.44984013, 0.37833095, 0.3340274, 0.2885269, 0.26839948, 0.25387692, 0.23918332, 0.22290792, 0.2080125, 0.1945155, 0.18202853, 0.17174166, 0.16079815, 0.15498702, 0.14520194, 0.13182433, 0.12608188, 0.11907641, 0.11117156, 0.11347291]
2024-12-12 14:58:45,393 - INFO - lr = [0.004, 0.004, 0.004, 0.004, 0.004, 0.004, 0.004, 0.004, 0.004, 0.004, 0.004, 0.004, 0.004, 0.004, 0.004, 0.004, 0.004, 0.004, 0.004, 0.004]
2024-12-12 14:58:46,668 - INFO - 
tensor([[497, 116,   5,   0,   0,   0,   0,   0],
        [466, 192,   1,   0,   1,   0,   0,   0],
        [  0,   0,   0,   0,   0,   0,   0,   0],
        [  0,   0,   0,   0,   0,   0,   0,   0],
        [  0,   0,   0,   0,   0,   0,   0,   0],
        [  0,   0,   0,   0,   0,   0,   0,   0],
        [  0,   0,   0,   0,   0,   0,   0,   0],
        [  0,   0,   0,   0,   0,   0,   0,   0]])
2024-12-12 14:58:46,669 - INFO - Accuracy on the test data = [53.912365436553955]
2024-12-12 14:58:46,990 - INFO - -----------------------------  model_cnnLSTM , seq_num = 50, gap = 10, ----------------------------- 
2024-12-12 14:59:32,923 - INFO - loss = [0.5050093, 0.40408596, 0.38477144, 0.37510887, 0.353916, 0.3250257, 0.29867035, 0.28348267, 0.2729063, 0.2647155, 0.25763342, 0.24846956, 0.24170557, 0.2334478, 0.22446287, 0.2211189, 0.21114564, 0.20075724, 0.19245914, 0.18613335]
2024-12-12 14:59:32,926 - INFO - lr = [0.004, 0.004, 0.004, 0.004, 0.004, 0.004, 0.004, 0.004, 0.004, 0.004, 0.004, 0.004, 0.004, 0.004, 0.004, 0.004, 0.004, 0.004, 0.004, 0.004]
2024-12-12 14:59:34,221 - INFO - 
tensor([[561,  57,   0,   0,   0,   0,   0,   0],
        [606,  54,   0,   0,   0,   0,   0,   0],
        [  0,   0,   0,   0,   0,   0,   0,   0],
        [  0,   0,   0,   0,   0,   0,   0,   0],
        [  0,   0,   0,   0,   0,   0,   0,   0],
        [  0,   0,   0,   0,   0,   0,   0,   0],
        [  0,   0,   0,   0,   0,   0,   0,   0],
        [  0,   0,   0,   0,   0,   0,   0,   0]])
2024-12-12 14:59:34,222 - INFO - Accuracy on the test data = [48.122066259384155]
2024-12-12 14:59:34,599 - INFO - -----------------------------  model_cnnLSTM , seq_num = 50, gap = 15, ----------------------------- 
2024-12-12 15:00:04,601 - INFO - loss = [0.5637824, 0.40642366, 0.3969299, 0.38793245, 0.3872614, 0.3769544, 0.3715628, 0.35587564, 0.33748993, 0.3133287, 0.2942494, 0.282369, 0.27317116, 0.26562786, 0.2594967, 0.25319588, 0.24494345, 0.23899283, 0.23159619, 0.22359367]
2024-12-12 15:00:04,603 - INFO - lr = [0.004, 0.004, 0.004, 0.004, 0.004, 0.004, 0.004, 0.004, 0.004, 0.004, 0.004, 0.004, 0.004, 0.004, 0.004, 0.004, 0.004, 0.004, 0.004, 0.004]
2024-12-12 15:00:05,856 - INFO - 
tensor([[603,  15,   0,   0,   0,   0,   0,   0],
        [658,   0,   0,   1,   1,   0,   0,   0],
        [  0,   0,   0,   0,   0,   0,   0,   0],
        [  0,   0,   0,   0,   0,   0,   0,   0],
        [  0,   0,   0,   0,   0,   0,   0,   0],
        [  0,   0,   0,   0,   0,   0,   0,   0],
        [  0,   0,   0,   0,   0,   0,   0,   0],
        [  0,   0,   0,   0,   0,   0,   0,   0]])
2024-12-12 15:00:05,857 - INFO - Accuracy on the test data = [47.18309938907623]
2024-12-12 15:00:06,380 - INFO - -----------------------------  model_cnnLSTM , seq_num = 80, gap = 3, ----------------------------- 
2024-12-12 15:01:57,906 - INFO - loss = [0.42564774, 0.33413932, 0.2584853, 0.22976083, 0.20221318, 0.1772274, 0.15945278, 0.1419322, 0.12843125, 0.11483738, 0.108595856, 0.091825776, 0.08695661, 0.076533765]
2024-12-12 15:01:57,907 - INFO - lr = [0.004, 0.004, 0.004, 0.004, 0.004, 0.004, 0.004, 0.004, 0.004, 0.004, 0.004, 0.004, 0.004, 0.004]
2024-12-12 15:01:59,231 - INFO - 
tensor([[471, 146,   0,   0,   0,   0,   0,   0],
        [158, 488,   0,   0,   0,   0,   0,   0],
        [  0,   0,   0,   0,   0,   0,   0,   0],
        [  0,   0,   0,   0,   0,   0,   0,   0],
        [  0,   0,   0,   0,   0,   0,   0,   0],
        [  0,   0,   0,   0,   0,   0,   0,   0],
        [  0,   0,   0,   0,   0,   0,   0,   0],
        [  0,   0,   0,   0,   0,   0,   0,   0]])
2024-12-12 15:01:59,233 - INFO - Accuracy on the test data = [75.93032717704773]
2024-12-12 15:01:59,698 - INFO - -----------------------------  model_cnnLSTM , seq_num = 80, gap = 5, ----------------------------- 
2024-12-12 15:03:32,938 - INFO - loss = [0.45463833, 0.36922884, 0.30440137, 0.2593642, 0.23995054, 0.22355156, 0.20833799, 0.1925979, 0.17716807, 0.16790938, 0.15169218, 0.1437489, 0.13508506, 0.121505804, 0.114771724, 0.10634638, 0.09675682, 0.085324615, 0.08773787, 0.08521901]
2024-12-12 15:03:32,940 - INFO - lr = [0.004, 0.004, 0.004, 0.004, 0.004, 0.004, 0.004, 0.004, 0.004, 0.004, 0.004, 0.004, 0.004, 0.004, 0.004, 0.004, 0.004, 0.004, 0.004, 0.004]
2024-12-12 15:03:34,240 - INFO - 
tensor([[239, 378,   0,   0,   0,   0,   0,   0],
        [110, 530,   2,   4,   0,   0,   0,   0],
        [  0,   0,   0,   0,   0,   0,   0,   0],
        [  0,   0,   0,   0,   0,   0,   0,   0],
        [  0,   0,   0,   0,   0,   0,   0,   0],
        [  0,   0,   0,   0,   0,   0,   0,   0],
        [  0,   0,   0,   0,   0,   0,   0,   0],
        [  0,   0,   0,   0,   0,   0,   0,   0]])
2024-12-12 15:03:34,241 - INFO - Accuracy on the test data = [60.88677644729614]
2024-12-12 15:03:34,576 - INFO - -----------------------------  model_cnnLSTM , seq_num = 80, gap = 10, ----------------------------- 
2024-12-12 15:04:21,039 - INFO - loss = [0.5007541, 0.40300944, 0.3846826, 0.3722703, 0.34512937, 0.31043664, 0.2809076, 0.26328534, 0.25248805, 0.24139607, 0.23135836, 0.22178766, 0.2116715, 0.20059851, 0.19311202, 0.18325192, 0.17229143, 0.16538638, 0.1536494, 0.14200372]
2024-12-12 15:04:21,043 - INFO - lr = [0.004, 0.004, 0.004, 0.004, 0.004, 0.004, 0.004, 0.004, 0.004, 0.004, 0.004, 0.004, 0.004, 0.004, 0.004, 0.004, 0.004, 0.004, 0.004, 0.004]
2024-12-12 15:04:22,302 - INFO - 
tensor([[459, 148,   0,  10,   0,   0,   0,   0],
        [233, 411,   0,   2,   0,   0,   0,   0],
        [  0,   0,   0,   0,   0,   0,   0,   0],
        [  0,   0,   0,   0,   0,   0,   0,   0],
        [  0,   0,   0,   0,   0,   0,   0,   0],
        [  0,   0,   0,   0,   0,   0,   0,   0],
        [  0,   0,   0,   0,   0,   0,   0,   0],
        [  0,   0,   0,   0,   0,   0,   0,   0]])
2024-12-12 15:04:22,303 - INFO - Accuracy on the test data = [68.88360977172852]
2024-12-12 15:04:22,587 - INFO - -----------------------------  model_cnnLSTM , seq_num = 80, gap = 15, ----------------------------- 
2024-12-12 15:04:52,582 - INFO - loss = [0.5424089, 0.40607464, 0.392126, 0.38226247, 0.3712101, 0.34618005, 0.31623626, 0.28939816, 0.27198812, 0.2596428, 0.25140563, 0.24290091, 0.23580123, 0.2275372, 0.21980466, 0.21079624, 0.2025383, 0.19612418, 0.18460913, 0.17522158]
2024-12-12 15:04:52,585 - INFO - lr = [0.004, 0.004, 0.004, 0.004, 0.004, 0.004, 0.004, 0.004, 0.004, 0.004, 0.004, 0.004, 0.004, 0.004, 0.004, 0.004, 0.004, 0.004, 0.004, 0.004]
2024-12-12 15:04:53,858 - INFO - 
tensor([[520,  97,   0,   0,   0,   0,   0,   0],
        [412, 232,   0,   0,   2,   0,   0,   0],
        [  0,   0,   0,   0,   0,   0,   0,   0],
        [  0,   0,   0,   0,   0,   0,   0,   0],
        [  0,   0,   0,   0,   0,   0,   0,   0],
        [  0,   0,   0,   0,   0,   0,   0,   0],
        [  0,   0,   0,   0,   0,   0,   0,   0],
        [  0,   0,   0,   0,   0,   0,   0,   0]])
2024-12-12 15:04:53,859 - INFO - Accuracy on the test data = [59.540778398513794]
2024-12-12 15:04:54,444 - INFO - -----------------------------  model_cnnLSTM , seq_num = 100, gap = 3, ----------------------------- 
2024-12-12 15:06:38,472 - INFO - loss = [0.42902407, 0.32351664, 0.24897143, 0.21864282, 0.19307818, 0.16848844, 0.14596654, 0.12907857, 0.11649025, 0.102183975, 0.08930659, 0.0861584, 0.076949805]
2024-12-12 15:06:38,474 - INFO - lr = [0.004, 0.004, 0.004, 0.004, 0.004, 0.004, 0.004, 0.004, 0.004, 0.004, 0.004, 0.004, 0.004]
2024-12-12 15:06:39,808 - INFO - 
tensor([[401, 216,   0,   0,   0,   0,   0,   0],
        [ 57, 579,   0,   0,   0,   0,   0,   0],
        [  0,   0,   0,   0,   0,   0,   0,   0],
        [  0,   0,   0,   0,   0,   0,   0,   0],
        [  0,   0,   0,   0,   0,   0,   0,   0],
        [  0,   0,   0,   0,   0,   0,   0,   0],
        [  0,   0,   0,   0,   0,   0,   0,   0],
        [  0,   0,   0,   0,   0,   0,   0,   0]])
2024-12-12 15:06:39,809 - INFO - Accuracy on the test data = [78.21229100227356]
2024-12-12 15:06:40,291 - INFO - -----------------------------  model_cnnLSTM , seq_num = 100, gap = 5, ----------------------------- 
2024-12-12 15:08:06,302 - INFO - loss = [0.47282302, 0.38341963, 0.33312264, 0.27109635, 0.24410123, 0.22540371, 0.20825163, 0.19070005, 0.17618476, 0.1614607, 0.14842623, 0.13588995, 0.12910381, 0.113128304, 0.11241603, 0.09888072, 0.09176229, 0.0798308]
2024-12-12 15:08:06,304 - INFO - lr = [0.004, 0.004, 0.004, 0.004, 0.004, 0.004, 0.004, 0.004, 0.004, 0.004, 0.004, 0.004, 0.004, 0.004, 0.004, 0.004, 0.004, 0.004]
2024-12-12 15:08:07,575 - INFO - 
tensor([[439, 178,   0,   0,   0,   0,   0,   0],
        [124, 498,   0,  14,   0,   0,   0,   0],
        [  0,   0,   0,   0,   0,   0,   0,   0],
        [  0,   0,   0,   0,   0,   0,   0,   0],
        [  0,   0,   0,   0,   0,   0,   0,   0],
        [  0,   0,   0,   0,   0,   0,   0,   0],
        [  0,   0,   0,   0,   0,   0,   0,   0],
        [  0,   0,   0,   0,   0,   0,   0,   0]])
2024-12-12 15:08:07,575 - INFO - Accuracy on the test data = [74.78052377700806]
2024-12-12 15:08:08,031 - INFO - -----------------------------  model_cnnLSTM , seq_num = 100, gap = 10, ----------------------------- 
2024-12-12 15:08:55,056 - INFO - loss = [0.511297, 0.4036748, 0.38079908, 0.35869655, 0.32135302, 0.28231665, 0.25878364, 0.24493298, 0.23308054, 0.22270823, 0.21295412, 0.20093949, 0.19219634, 0.1832641, 0.17315638, 0.16152574, 0.1562039, 0.14956883, 0.14061446, 0.13085854]
2024-12-12 15:08:55,059 - INFO - lr = [0.004, 0.004, 0.004, 0.004, 0.004, 0.004, 0.004, 0.004, 0.004, 0.004, 0.004, 0.004, 0.004, 0.004, 0.004, 0.004, 0.004, 0.004, 0.004, 0.004]
2024-12-12 15:08:56,318 - INFO - 
tensor([[527,  88,   2,   0,   0,   0,   0,   0],
        [151, 471,   0,  14,   0,   0,   0,   0],
        [  0,   0,   0,   0,   0,   0,   0,   0],
        [  0,   0,   0,   0,   0,   0,   0,   0],
        [  0,   0,   0,   0,   0,   0,   0,   0],
        [  0,   0,   0,   0,   0,   0,   0,   0],
        [  0,   0,   0,   0,   0,   0,   0,   0],
        [  0,   0,   0,   0,   0,   0,   0,   0]])
2024-12-12 15:08:56,319 - INFO - Accuracy on the test data = [79.64884042739868]
2024-12-12 15:08:56,715 - INFO - -----------------------------  model_cnnLSTM , seq_num = 100, gap = 15, ----------------------------- 
2024-12-12 15:09:28,470 - INFO - loss = [0.57330763, 0.41077635, 0.39699218, 0.3853929, 0.37650788, 0.3541778, 0.32518247, 0.29319718, 0.26929715, 0.25491968, 0.24291123, 0.23683791, 0.22945118, 0.22012228, 0.21375799, 0.2053333, 0.19768442, 0.19063456, 0.17914186, 0.1709389]
2024-12-12 15:09:28,472 - INFO - lr = [0.004, 0.004, 0.004, 0.004, 0.004, 0.004, 0.004, 0.004, 0.004, 0.004, 0.004, 0.004, 0.004, 0.004, 0.004, 0.004, 0.004, 0.004, 0.004, 0.004]
2024-12-12 15:09:29,720 - INFO - 
tensor([[574,  43,   0,   0,   0,   0,   0,   0],
        [463, 173,   0,   0,   0,   0,   0,   0],
        [  0,   0,   0,   0,   0,   0,   0,   0],
        [  0,   0,   0,   0,   0,   0,   0,   0],
        [  0,   0,   0,   0,   0,   0,   0,   0],
        [  0,   0,   0,   0,   0,   0,   0,   0],
        [  0,   0,   0,   0,   0,   0,   0,   0],
        [  0,   0,   0,   0,   0,   0,   0,   0]])
2024-12-12 15:09:29,721 - INFO - Accuracy on the test data = [59.61691737174988]
2024-12-12 15:09:30,463 - INFO - -----------------------------  model_cnnLSTM , seq_num = 150, gap = 3, ----------------------------- 
2024-12-12 15:10:55,071 - INFO - loss = [0.4277482, 0.2986065, 0.22986704, 0.19294873, 0.1619713, 0.14033268, 0.11776605, 0.11912509, 0.094116606, 0.07858537]
2024-12-12 15:10:55,074 - INFO - lr = [0.004, 0.004, 0.004, 0.004, 0.004, 0.004, 0.004, 0.004, 0.004, 0.004]
2024-12-12 15:10:56,355 - INFO - 
tensor([[451, 166,   0,   0,   0,   0,   0,   0],
        [ 68, 543,   0,   0,   0,   0,   0,   0],
        [  0,   0,   0,   0,   0,   0,   0,   0],
        [  0,   0,   0,   0,   0,   0,   0,   0],
        [  0,   0,   0,   0,   0,   0,   0,   0],
        [  0,   0,   0,   0,   0,   0,   0,   0],
        [  0,   0,   0,   0,   0,   0,   0,   0],
        [  0,   0,   0,   0,   0,   0,   0,   0]])
2024-12-12 15:10:56,355 - INFO - Accuracy on the test data = [80.94462752342224]
2024-12-12 15:10:56,958 - INFO - -----------------------------  model_cnnLSTM , seq_num = 150, gap = 5, ----------------------------- 
2024-12-12 15:12:11,403 - INFO - loss = [0.45854992, 0.37124217, 0.29773673, 0.2459448, 0.22006701, 0.19633198, 0.17663512, 0.15864992, 0.14106405, 0.13165995, 0.11580613, 0.10191314, 0.0928536, 0.08565328, 0.07773581]
2024-12-12 15:12:11,405 - INFO - lr = [0.004, 0.004, 0.004, 0.004, 0.004, 0.004, 0.004, 0.004, 0.004, 0.004, 0.004, 0.004, 0.004, 0.004, 0.004]
2024-12-12 15:12:12,644 - INFO - 
tensor([[457, 160,   0,   0,   0,   0,   0,   0],
        [109, 502,   0,   0,   0,   0,   0,   0],
        [  0,   0,   0,   0,   0,   0,   0,   0],
        [  0,   0,   0,   0,   0,   0,   0,   0],
        [  0,   0,   0,   0,   0,   0,   0,   0],
        [  0,   0,   0,   0,   0,   0,   0,   0],
        [  0,   0,   0,   0,   0,   0,   0,   0],
        [  0,   0,   0,   0,   0,   0,   0,   0]])
2024-12-12 15:12:12,645 - INFO - Accuracy on the test data = [78.09446454048157]
2024-12-12 15:12:13,050 - INFO - -----------------------------  model_cnnLSTM , seq_num = 150, gap = 10, ----------------------------- 
2024-12-12 15:13:01,772 - INFO - loss = [0.5136355, 0.40442485, 0.38194424, 0.3619401, 0.3193682, 0.27721372, 0.25144717, 0.23583785, 0.22372283, 0.21256284, 0.19991425, 0.18707952, 0.18001735, 0.16841966, 0.15782148, 0.14779238, 0.14098106, 0.13177389, 0.12431713, 0.1137771]
2024-12-12 15:13:01,776 - INFO - lr = [0.004, 0.004, 0.004, 0.004, 0.004, 0.004, 0.004, 0.004, 0.004, 0.004, 0.004, 0.004, 0.004, 0.004, 0.004, 0.004, 0.004, 0.004, 0.004, 0.004]
2024-12-12 15:13:03,010 - INFO - 
tensor([[577,  40,   0,   0,   0,   0,   0,   0],
        [284, 327,   0,   0,   0,   0,   0,   0],
        [  0,   0,   0,   0,   0,   0,   0,   0],
        [  0,   0,   0,   0,   0,   0,   0,   0],
        [  0,   0,   0,   0,   0,   0,   0,   0],
        [  0,   0,   0,   0,   0,   0,   0,   0],
        [  0,   0,   0,   0,   0,   0,   0,   0],
        [  0,   0,   0,   0,   0,   0,   0,   0]])
2024-12-12 15:13:03,010 - INFO - Accuracy on the test data = [73.61563444137573]
2024-12-12 15:13:03,336 - INFO - -----------------------------  model_cnnLSTM , seq_num = 150, gap = 15, ----------------------------- 
2024-12-12 15:13:35,228 - INFO - loss = [0.605046, 0.41057086, 0.40157878, 0.38055697, 0.3699379, 0.34045598, 0.3037897, 0.27373695, 0.25573614, 0.24388652, 0.23537807, 0.22536135, 0.21604325, 0.20815499, 0.19894771, 0.18958603, 0.17980565, 0.17295815, 0.16202378, 0.15792108]
2024-12-12 15:13:35,230 - INFO - lr = [0.004, 0.004, 0.004, 0.004, 0.004, 0.004, 0.004, 0.004, 0.004, 0.004, 0.004, 0.004, 0.004, 0.004, 0.004, 0.004, 0.004, 0.004, 0.004, 0.004]
2024-12-12 15:13:36,463 - INFO - 
tensor([[285, 286,  46,   0,   0,   0,   0,   0],
        [ 47, 549,  14,   1,   0,   0,   0,   0],
        [  0,   0,   0,   0,   0,   0,   0,   0],
        [  0,   0,   0,   0,   0,   0,   0,   0],
        [  0,   0,   0,   0,   0,   0,   0,   0],
        [  0,   0,   0,   0,   0,   0,   0,   0],
        [  0,   0,   0,   0,   0,   0,   0,   0],
        [  0,   0,   0,   0,   0,   0,   0,   0]])
2024-12-12 15:13:36,464 - INFO - Accuracy on the test data = [67.91530847549438]
2024-12-12 15:13:37,274 - INFO - -----------------------------  model_cnnLSTM , seq_num = 200, gap = 3, ----------------------------- 
2024-12-12 15:14:55,716 - INFO - loss = [0.42419007, 0.28428203, 0.21421967, 0.17753012, 0.14941977, 0.12450671, 0.11047617, 0.0915352, 0.07883246]
2024-12-12 15:14:55,719 - INFO - lr = [0.004, 0.004, 0.004, 0.004, 0.004, 0.004, 0.004, 0.004, 0.004]
2024-12-12 15:14:56,942 - INFO - 
tensor([[466, 140,  11,   0,   0,   0,   0,   0],
        [ 26, 556,   4,   0,   0,   0,   0,   0],
        [  0,   0,   0,   0,   0,   0,   0,   0],
        [  0,   0,   0,   0,   0,   0,   0,   0],
        [  0,   0,   0,   0,   0,   0,   0,   0],
        [  0,   0,   0,   0,   0,   0,   0,   0],
        [  0,   0,   0,   0,   0,   0,   0,   0],
        [  0,   0,   0,   0,   0,   0,   0,   0]])
2024-12-12 15:14:56,943 - INFO - Accuracy on the test data = [84.95427966117859]
2024-12-12 15:14:57,612 - INFO - -----------------------------  model_cnnLSTM , seq_num = 200, gap = 5, ----------------------------- 
2024-12-12 15:16:09,187 - INFO - loss = [0.45380977, 0.35792175, 0.27085462, 0.22823855, 0.20301558, 0.1783282, 0.15680803, 0.13789943, 0.12347491, 0.11271822, 0.096754014, 0.084914416, 0.08042756, 0.06998007]
2024-12-12 15:16:09,191 - INFO - lr = [0.004, 0.004, 0.004, 0.004, 0.004, 0.004, 0.004, 0.004, 0.004, 0.004, 0.004, 0.004, 0.004, 0.004]
2024-12-12 15:16:10,421 - INFO - 
tensor([[466, 150,   1,   0,   0,   0,   0,   0],
        [ 89, 497,   0,   0,   0,   0,   0,   0],
        [  0,   0,   0,   0,   0,   0,   0,   0],
        [  0,   0,   0,   0,   0,   0,   0,   0],
        [  0,   0,   0,   0,   0,   0,   0,   0],
        [  0,   0,   0,   0,   0,   0,   0,   0],
        [  0,   0,   0,   0,   0,   0,   0,   0],
        [  0,   0,   0,   0,   0,   0,   0,   0]])
2024-12-12 15:16:10,422 - INFO - Accuracy on the test data = [80.04987239837646]
2024-12-12 15:16:10,847 - INFO - -----------------------------  model_cnnLSTM , seq_num = 200, gap = 10, ----------------------------- 
2024-12-12 15:17:00,362 - INFO - loss = [0.5396928, 0.4072366, 0.37942952, 0.3603319, 0.3123418, 0.26729763, 0.24436384, 0.22878224, 0.21558045, 0.20202437, 0.18908662, 0.17539826, 0.16390507, 0.15544629, 0.142641, 0.13645485, 0.12947327, 0.120027184, 0.11409664, 0.10296589]
2024-12-12 15:17:00,365 - INFO - lr = [0.004, 0.004, 0.004, 0.004, 0.004, 0.004, 0.004, 0.004, 0.004, 0.004, 0.004, 0.004, 0.004, 0.004, 0.004, 0.004, 0.004, 0.004, 0.004, 0.004]
2024-12-12 15:17:01,586 - INFO - 
tensor([[491, 126,   0,   0,   0,   0,   0,   0],
        [160, 426,   0,   0,   0,   0,   0,   0],
        [  0,   0,   0,   0,   0,   0,   0,   0],
        [  0,   0,   0,   0,   0,   0,   0,   0],
        [  0,   0,   0,   0,   0,   0,   0,   0],
        [  0,   0,   0,   0,   0,   0,   0,   0],
        [  0,   0,   0,   0,   0,   0,   0,   0],
        [  0,   0,   0,   0,   0,   0,   0,   0]])
2024-12-12 15:17:01,586 - INFO - Accuracy on the test data = [76.22610330581665]
2024-12-12 15:17:01,932 - INFO - -----------------------------  model_cnnLSTM , seq_num = 200, gap = 15, ----------------------------- 
2024-12-12 15:17:34,983 - INFO - loss = [0.5482045, 0.4092455, 0.38345793, 0.36593568, 0.33607125, 0.29633033, 0.26396105, 0.24420144, 0.23152654, 0.22236258, 0.21122919, 0.20192371, 0.19177592, 0.18354523, 0.17051083, 0.16207546, 0.15329243, 0.14296956, 0.13337608, 0.13087606]
2024-12-12 15:17:34,986 - INFO - lr = [0.004, 0.004, 0.004, 0.004, 0.004, 0.004, 0.004, 0.004, 0.004, 0.004, 0.004, 0.004, 0.004, 0.004, 0.004, 0.004, 0.004, 0.004, 0.004, 0.004]
2024-12-12 15:17:36,193 - INFO - 
tensor([[501,  97,  19,   0,   0,   0,   0,   0],
        [209, 375,   2,   0,   0,   0,   0,   0],
        [  0,   0,   0,   0,   0,   0,   0,   0],
        [  0,   0,   0,   0,   0,   0,   0,   0],
        [  0,   0,   0,   0,   0,   0,   0,   0],
        [  0,   0,   0,   0,   0,   0,   0,   0],
        [  0,   0,   0,   0,   0,   0,   0,   0],
        [  0,   0,   0,   0,   0,   0,   0,   0]])
2024-12-12 15:17:36,194 - INFO - Accuracy on the test data = [72.81795740127563]
