2024-12-12 15:28:47,792 - INFO - -----------------------------  model_cnnLSTM , seq_num = 30, gap = 3, ----------------------------- 
2024-12-12 15:31:15,908 - INFO - loss = [0.38250357, 0.30271393, 0.28395462, 0.2694103, 0.25372055, 0.236279, 0.22232491, 0.21013252, 0.2002106, 0.1943455, 0.18287161, 0.17386487, 0.16707352, 0.15887986, 0.15483724, 0.14923416, 0.13797802, 0.13313326, 0.12618715, 0.12231502]
2024-12-12 15:31:15,910 - INFO - lr = [0.004, 0.004, 0.004, 0.004, 0.004, 0.004, 0.004, 0.004, 0.004, 0.004, 0.004, 0.004, 0.004, 0.004, 0.004, 0.004, 0.004, 0.004, 0.004, 0.004]
2024-12-12 15:31:17,688 - INFO - 
tensor([[557,  65,   5,   0,   1,   0,   0,   0],
        [515, 140,   0,   0,   0,   5,   0,   0],
        [  0,   0,   0,   0,   0,   0,   0,   0],
        [  0,   0,   0,   0,   0,   0,   0,   0],
        [  0,   0,   0,   0,   0,   0,   0,   0],
        [  0,   0,   0,   0,   0,   0,   0,   0],
        [  0,   0,   0,   0,   0,   0,   0,   0],
        [  0,   0,   0,   0,   0,   0,   0,   0]])
2024-12-12 15:31:17,689 - INFO - Accuracy on the test data = [54.11490797996521]
2024-12-12 15:31:18,143 - INFO - -----------------------------  model_cnnLSTM , seq_num = 30, gap = 5, ----------------------------- 
2024-12-12 15:32:54,695 - INFO - loss = [0.4091019, 0.3220061, 0.2997771, 0.28756356, 0.2792632, 0.2704745, 0.2610392, 0.25129735, 0.23927392, 0.22762261, 0.21810332, 0.20695022, 0.20021686, 0.19110122, 0.18687096, 0.17775774, 0.16790047, 0.16427024, 0.15280703, 0.14313255]
2024-12-12 15:32:54,697 - INFO - lr = [0.004, 0.004, 0.004, 0.004, 0.004, 0.004, 0.004, 0.004, 0.004, 0.004, 0.004, 0.004, 0.004, 0.004, 0.004, 0.004, 0.004, 0.004, 0.004, 0.004]
2024-12-12 15:32:56,083 - INFO - 
tensor([[564,  64,   0,   0,   0,   0,   0,   0],
        [576,  84,   0,   0,   0,   0,   0,   0],
        [  0,   0,   0,   0,   0,   0,   0,   0],
        [  0,   0,   0,   0,   0,   0,   0,   0],
        [  0,   0,   0,   0,   0,   0,   0,   0],
        [  0,   0,   0,   0,   0,   0,   0,   0],
        [  0,   0,   0,   0,   0,   0,   0,   0],
        [  0,   0,   0,   0,   0,   0,   0,   0]])
2024-12-12 15:32:56,084 - INFO - Accuracy on the test data = [50.31055808067322]
2024-12-12 15:32:56,585 - INFO - -----------------------------  model_cnnLSTM , seq_num = 30, gap = 10, ----------------------------- 
2024-12-12 15:33:44,820 - INFO - loss = [0.48586845, 0.36520135, 0.33357477, 0.3182358, 0.30635816, 0.2992759, 0.29320812, 0.28784233, 0.28323478, 0.2780766, 0.27309632, 0.26725954, 0.2619351, 0.25540906, 0.24909908, 0.24257833, 0.23536205, 0.22857822, 0.22386795, 0.21387824]
2024-12-12 15:33:44,823 - INFO - lr = [0.004, 0.004, 0.004, 0.004, 0.004, 0.004, 0.004, 0.004, 0.004, 0.004, 0.004, 0.004, 0.004, 0.004, 0.004, 0.004, 0.004, 0.004, 0.004, 0.004]
2024-12-12 15:33:46,132 - INFO - 
tensor([[627,   1,   0,   0,   0,   0,   0,   0],
        [660,   0,   0,   0,   0,   0,   0,   0],
        [  0,   0,   0,   0,   0,   0,   0,   0],
        [  0,   0,   0,   0,   0,   0,   0,   0],
        [  0,   0,   0,   0,   0,   0,   0,   0],
        [  0,   0,   0,   0,   0,   0,   0,   0],
        [  0,   0,   0,   0,   0,   0,   0,   0],
        [  0,   0,   0,   0,   0,   0,   0,   0]])
2024-12-12 15:33:46,133 - INFO - Accuracy on the test data = [48.680123686790466]
2024-12-12 15:33:46,457 - INFO - -----------------------------  model_cnnLSTM , seq_num = 30, gap = 15, ----------------------------- 
2024-12-12 15:34:18,489 - INFO - loss = [0.5007176, 0.37357178, 0.34526172, 0.32788575, 0.3158419, 0.30647346, 0.29887182, 0.29316616, 0.2897063, 0.2835444, 0.28004825, 0.2758055, 0.27235466, 0.2658801, 0.26156035, 0.25623736, 0.25155523, 0.24443363, 0.239491, 0.23200643]
2024-12-12 15:34:18,491 - INFO - lr = [0.004, 0.004, 0.004, 0.004, 0.004, 0.004, 0.004, 0.004, 0.004, 0.004, 0.004, 0.004, 0.004, 0.004, 0.004, 0.004, 0.004, 0.004, 0.004, 0.004]
2024-12-12 15:34:19,943 - INFO - 
tensor([[628,   0,   0,   0,   0,   0,   0,   0],
        [660,   0,   0,   0,   0,   0,   0,   0],
        [  0,   0,   0,   0,   0,   0,   0,   0],
        [  0,   0,   0,   0,   0,   0,   0,   0],
        [  0,   0,   0,   0,   0,   0,   0,   0],
        [  0,   0,   0,   0,   0,   0,   0,   0],
        [  0,   0,   0,   0,   0,   0,   0,   0],
        [  0,   0,   0,   0,   0,   0,   0,   0]])
2024-12-12 15:34:19,943 - INFO - Accuracy on the test data = [48.75776469707489]
2024-12-12 15:34:20,460 - INFO - -----------------------------  model_cnnLSTM , seq_num = 50, gap = 3, ----------------------------- 
2024-12-12 15:36:59,318 - INFO - loss = [0.38656023, 0.2923439, 0.26732767, 0.24892847, 0.22751644, 0.208165, 0.19087346, 0.17667352, 0.16096202, 0.15194143, 0.13895084, 0.13183454, 0.12099469, 0.11001077, 0.10449468, 0.09610711, 0.08656612, 0.087855935, 0.08014444, 0.06715678]
2024-12-12 15:36:59,319 - INFO - lr = [0.004, 0.004, 0.004, 0.004, 0.004, 0.004, 0.004, 0.004, 0.004, 0.004, 0.004, 0.004, 0.004, 0.004, 0.004, 0.004, 0.004, 0.004, 0.004, 0.004]
2024-12-12 15:37:00,683 - INFO - 
tensor([[399, 219,   0,   0,   0,   0,   0,   0],
        [254, 402,   0,   2,   0,   1,   1,   0],
        [  0,   0,   0,   0,   0,   0,   0,   0],
        [  0,   0,   0,   0,   0,   0,   0,   0],
        [  0,   0,   0,   0,   0,   0,   0,   0],
        [  0,   0,   0,   0,   0,   0,   0,   0],
        [  0,   0,   0,   0,   0,   0,   0,   0],
        [  0,   0,   0,   0,   0,   0,   0,   0]])
2024-12-12 15:37:00,684 - INFO - Accuracy on the test data = [62.67605423927307]
2024-12-12 15:37:01,122 - INFO - -----------------------------  model_cnnLSTM , seq_num = 50, gap = 5, ----------------------------- 
2024-12-12 15:38:42,287 - INFO - loss = [0.43100363, 0.31794268, 0.2871906, 0.27266973, 0.2601436, 0.24993053, 0.23713213, 0.22703506, 0.21298648, 0.20088507, 0.18968493, 0.1823673, 0.1691945, 0.15967375, 0.15210462, 0.14619073, 0.1356771, 0.124780126, 0.11711235, 0.108573146]
2024-12-12 15:38:42,288 - INFO - lr = [0.004, 0.004, 0.004, 0.004, 0.004, 0.004, 0.004, 0.004, 0.004, 0.004, 0.004, 0.004, 0.004, 0.004, 0.004, 0.004, 0.004, 0.004, 0.004, 0.004]
2024-12-12 15:38:43,631 - INFO - 
tensor([[523,  94,   0,   0,   0,   1,   0,   0],
        [446, 196,   0,   0,   0,   1,  17,   0],
        [  0,   0,   0,   0,   0,   0,   0,   0],
        [  0,   0,   0,   0,   0,   0,   0,   0],
        [  0,   0,   0,   0,   0,   0,   0,   0],
        [  0,   0,   0,   0,   0,   0,   0,   0],
        [  0,   0,   0,   0,   0,   0,   0,   0],
        [  0,   0,   0,   0,   0,   0,   0,   0]])
2024-12-12 15:38:43,631 - INFO - Accuracy on the test data = [56.25978112220764]
2024-12-12 15:38:43,985 - INFO - -----------------------------  model_cnnLSTM , seq_num = 50, gap = 10, ----------------------------- 
2024-12-12 15:39:34,690 - INFO - loss = [0.47590426, 0.35796952, 0.32608584, 0.30438083, 0.28907633, 0.27920347, 0.27167445, 0.2649347, 0.25784805, 0.25080284, 0.2432836, 0.23488204, 0.22755533, 0.21876128, 0.21141437, 0.19958603, 0.19090384, 0.18941751, 0.17763947, 0.1667293]
2024-12-12 15:39:34,695 - INFO - lr = [0.004, 0.004, 0.004, 0.004, 0.004, 0.004, 0.004, 0.004, 0.004, 0.004, 0.004, 0.004, 0.004, 0.004, 0.004, 0.004, 0.004, 0.004, 0.004, 0.004]
2024-12-12 15:39:36,029 - INFO - 
tensor([[514,  91,  13,   0,   0,   0,   0,   0],
        [473, 185,   0,   1,   1,   0,   0,   0],
        [  0,   0,   0,   0,   0,   0,   0,   0],
        [  0,   0,   0,   0,   0,   0,   0,   0],
        [  0,   0,   0,   0,   0,   0,   0,   0],
        [  0,   0,   0,   0,   0,   0,   0,   0],
        [  0,   0,   0,   0,   0,   0,   0,   0],
        [  0,   0,   0,   0,   0,   0,   0,   0]])
2024-12-12 15:39:36,030 - INFO - Accuracy on the test data = [54.69483733177185]
2024-12-12 15:39:36,487 - INFO - -----------------------------  model_cnnLSTM , seq_num = 50, gap = 15, ----------------------------- 
2024-12-12 15:40:10,117 - INFO - loss = [0.5085658, 0.37039325, 0.3390745, 0.31892958, 0.30233955, 0.29115307, 0.2825742, 0.2763931, 0.26895162, 0.2660104, 0.25941518, 0.25335035, 0.24663353, 0.24146916, 0.23454793, 0.22597516, 0.21951419, 0.21309118, 0.20532091, 0.1976801]
2024-12-12 15:40:10,119 - INFO - lr = [0.004, 0.004, 0.004, 0.004, 0.004, 0.004, 0.004, 0.004, 0.004, 0.004, 0.004, 0.004, 0.004, 0.004, 0.004, 0.004, 0.004, 0.004, 0.004, 0.004]
2024-12-12 15:40:11,440 - INFO - 
tensor([[599,  19,   0,   0,   0,   0,   0,   0],
        [651,   0,   0,   2,   1,   0,   6,   0],
        [  0,   0,   0,   0,   0,   0,   0,   0],
        [  0,   0,   0,   0,   0,   0,   0,   0],
        [  0,   0,   0,   0,   0,   0,   0,   0],
        [  0,   0,   0,   0,   0,   0,   0,   0],
        [  0,   0,   0,   0,   0,   0,   0,   0],
        [  0,   0,   0,   0,   0,   0,   0,   0]])
2024-12-12 15:40:11,441 - INFO - Accuracy on the test data = [46.87010943889618]
2024-12-12 15:40:12,046 - INFO - -----------------------------  model_cnnLSTM , seq_num = 80, gap = 3, ----------------------------- 
2024-12-12 15:42:15,944 - INFO - loss = [0.3699022, 0.2707337, 0.24194163, 0.21787445, 0.19302326, 0.17476514, 0.15609206, 0.13942584, 0.12634067, 0.11593819, 0.104243845, 0.09481731, 0.08260935, 0.073796496]
2024-12-12 15:42:15,946 - INFO - lr = [0.004, 0.004, 0.004, 0.004, 0.004, 0.004, 0.004, 0.004, 0.004, 0.004, 0.004, 0.004, 0.004, 0.004]
2024-12-12 15:42:17,306 - INFO - 
tensor([[397, 219,   0,   1,   0,   0,   0,   0],
        [169, 477,   0,   0,   0,   0,   0,   0],
        [  0,   0,   0,   0,   0,   0,   0,   0],
        [  0,   0,   0,   0,   0,   0,   0,   0],
        [  0,   0,   0,   0,   0,   0,   0,   0],
        [  0,   0,   0,   0,   0,   0,   0,   0],
        [  0,   0,   0,   0,   0,   0,   0,   0],
        [  0,   0,   0,   0,   0,   0,   0,   0]])
2024-12-12 15:42:17,307 - INFO - Accuracy on the test data = [69.20031905174255]
2024-12-12 15:42:17,797 - INFO - -----------------------------  model_cnnLSTM , seq_num = 80, gap = 5, ----------------------------- 
2024-12-12 15:44:01,974 - INFO - loss = [0.43557754, 0.30843472, 0.27121586, 0.25168318, 0.2355079, 0.22055236, 0.20665096, 0.1916987, 0.1767008, 0.1660623, 0.15457532, 0.14486587, 0.13367334, 0.11891399, 0.1253666, 0.10641529, 0.09279847, 0.084420465, 0.08064402, 0.07906683]
2024-12-12 15:44:01,976 - INFO - lr = [0.004, 0.004, 0.004, 0.004, 0.004, 0.004, 0.004, 0.004, 0.004, 0.004, 0.004, 0.004, 0.004, 0.004, 0.004, 0.004, 0.004, 0.004, 0.004, 0.004]
2024-12-12 15:44:03,308 - INFO - 
tensor([[534,  83,   0,   0,   0,   0,   0,   0],
        [343, 303,   0,   0,   0,   0,   0,   0],
        [  0,   0,   0,   0,   0,   0,   0,   0],
        [  0,   0,   0,   0,   0,   0,   0,   0],
        [  0,   0,   0,   0,   0,   0,   0,   0],
        [  0,   0,   0,   0,   0,   0,   0,   0],
        [  0,   0,   0,   0,   0,   0,   0,   0],
        [  0,   0,   0,   0,   0,   0,   0,   0]])
2024-12-12 15:44:03,308 - INFO - Accuracy on the test data = [66.27078652381897]
2024-12-12 15:44:03,682 - INFO - -----------------------------  model_cnnLSTM , seq_num = 80, gap = 10, ----------------------------- 
2024-12-12 15:44:55,268 - INFO - loss = [0.49838203, 0.3606318, 0.32013607, 0.29491895, 0.2774356, 0.2648394, 0.2556001, 0.24605645, 0.23710786, 0.22874564, 0.21933399, 0.21124408, 0.20198798, 0.1954808, 0.18781182, 0.17822304, 0.16789478, 0.15776591, 0.15496576, 0.14394772]
2024-12-12 15:44:55,271 - INFO - lr = [0.004, 0.004, 0.004, 0.004, 0.004, 0.004, 0.004, 0.004, 0.004, 0.004, 0.004, 0.004, 0.004, 0.004, 0.004, 0.004, 0.004, 0.004, 0.004, 0.004]
2024-12-12 15:44:56,589 - INFO - 
tensor([[460, 157,   0,   0,   0,   0,   0,   0],
        [245, 401,   0,   0,   0,   0,   0,   0],
        [  0,   0,   0,   0,   0,   0,   0,   0],
        [  0,   0,   0,   0,   0,   0,   0,   0],
        [  0,   0,   0,   0,   0,   0,   0,   0],
        [  0,   0,   0,   0,   0,   0,   0,   0],
        [  0,   0,   0,   0,   0,   0,   0,   0],
        [  0,   0,   0,   0,   0,   0,   0,   0]])
2024-12-12 15:44:56,590 - INFO - Accuracy on the test data = [68.17102432250977]
2024-12-12 15:44:56,902 - INFO - -----------------------------  model_cnnLSTM , seq_num = 80, gap = 15, ----------------------------- 
2024-12-12 15:45:30,709 - INFO - loss = [0.55506164, 0.37500063, 0.34599862, 0.31996676, 0.30361214, 0.28897274, 0.278101, 0.26890102, 0.2604384, 0.25351045, 0.24602924, 0.23818846, 0.23230875, 0.22416551, 0.21760602, 0.2074527, 0.20027672, 0.19173323, 0.18905233, 0.180305]
2024-12-12 15:45:30,712 - INFO - lr = [0.004, 0.004, 0.004, 0.004, 0.004, 0.004, 0.004, 0.004, 0.004, 0.004, 0.004, 0.004, 0.004, 0.004, 0.004, 0.004, 0.004, 0.004, 0.004, 0.004]
2024-12-12 15:45:32,028 - INFO - 
tensor([[584,  33,   0,   0,   0,   0,   0,   0],
        [447, 199,   0,   0,   0,   0,   0,   0],
        [  0,   0,   0,   0,   0,   0,   0,   0],
        [  0,   0,   0,   0,   0,   0,   0,   0],
        [  0,   0,   0,   0,   0,   0,   0,   0],
        [  0,   0,   0,   0,   0,   0,   0,   0],
        [  0,   0,   0,   0,   0,   0,   0,   0],
        [  0,   0,   0,   0,   0,   0,   0,   0]])
2024-12-12 15:45:32,028 - INFO - Accuracy on the test data = [61.99524998664856]
2024-12-12 15:45:32,667 - INFO - -----------------------------  model_cnnLSTM , seq_num = 100, gap = 3, ----------------------------- 
2024-12-12 15:47:18,255 - INFO - loss = [0.35152608, 0.25039068, 0.22158654, 0.194618, 0.17278902, 0.15001152, 0.13298863, 0.11702661, 0.105923444, 0.09340919, 0.080931254, 0.07494904]
2024-12-12 15:47:18,258 - INFO - lr = [0.004, 0.004, 0.004, 0.004, 0.004, 0.004, 0.004, 0.004, 0.004, 0.004, 0.004, 0.004]
2024-12-12 15:47:19,616 - INFO - 
tensor([[426, 191,   0,   0,   0,   0,   0,   0],
        [129, 498,   0,   9,   0,   0,   0,   0],
        [  0,   0,   0,   0,   0,   0,   0,   0],
        [  0,   0,   0,   0,   0,   0,   0,   0],
        [  0,   0,   0,   0,   0,   0,   0,   0],
        [  0,   0,   0,   0,   0,   0,   0,   0],
        [  0,   0,   0,   0,   0,   0,   0,   0],
        [  0,   0,   0,   0,   0,   0,   0,   0]])
2024-12-12 15:47:19,616 - INFO - Accuracy on the test data = [73.74301552772522]
2024-12-12 15:47:20,148 - INFO - -----------------------------  model_cnnLSTM , seq_num = 100, gap = 5, ----------------------------- 
2024-12-12 15:48:53,930 - INFO - loss = [0.41262728, 0.2903269, 0.2546207, 0.23573273, 0.21846363, 0.20315558, 0.1880385, 0.17195433, 0.15897223, 0.14831454, 0.1367313, 0.12845063, 0.117956445, 0.109436646, 0.10242243, 0.09632831, 0.0828644, 0.071918264]
2024-12-12 15:48:53,932 - INFO - lr = [0.004, 0.004, 0.004, 0.004, 0.004, 0.004, 0.004, 0.004, 0.004, 0.004, 0.004, 0.004, 0.004, 0.004, 0.004, 0.004, 0.004, 0.004]
2024-12-12 15:48:55,244 - INFO - 
tensor([[420, 197,   0,   0,   0,   0,   0,   0],
        [144, 485,   0,   7,   0,   0,   0,   0],
        [  0,   0,   0,   0,   0,   0,   0,   0],
        [  0,   0,   0,   0,   0,   0,   0,   0],
        [  0,   0,   0,   0,   0,   0,   0,   0],
        [  0,   0,   0,   0,   0,   0,   0,   0],
        [  0,   0,   0,   0,   0,   0,   0,   0],
        [  0,   0,   0,   0,   0,   0,   0,   0]])
2024-12-12 15:48:55,244 - INFO - Accuracy on the test data = [72.22665548324585]
2024-12-12 15:48:55,787 - INFO - -----------------------------  model_cnnLSTM , seq_num = 100, gap = 10, ----------------------------- 
2024-12-12 15:49:47,872 - INFO - loss = [0.477745, 0.35227334, 0.30998918, 0.28274047, 0.26419362, 0.25227726, 0.24248569, 0.23188299, 0.22404471, 0.21502748, 0.20628688, 0.1965664, 0.18815202, 0.18186769, 0.17030859, 0.16108352, 0.15764804, 0.1505983, 0.14279234, 0.13345858]
2024-12-12 15:49:47,876 - INFO - lr = [0.004, 0.004, 0.004, 0.004, 0.004, 0.004, 0.004, 0.004, 0.004, 0.004, 0.004, 0.004, 0.004, 0.004, 0.004, 0.004, 0.004, 0.004, 0.004, 0.004]
2024-12-12 15:49:49,187 - INFO - 
tensor([[473, 136,   8,   0,   0,   0,   0,   0],
        [181, 443,   1,  11,   0,   0,   0,   0],
        [  0,   0,   0,   0,   0,   0,   0,   0],
        [  0,   0,   0,   0,   0,   0,   0,   0],
        [  0,   0,   0,   0,   0,   0,   0,   0],
        [  0,   0,   0,   0,   0,   0,   0,   0],
        [  0,   0,   0,   0,   0,   0,   0,   0],
        [  0,   0,   0,   0,   0,   0,   0,   0]])
2024-12-12 15:49:49,187 - INFO - Accuracy on the test data = [73.10454845428467]
2024-12-12 15:49:49,671 - INFO - -----------------------------  model_cnnLSTM , seq_num = 100, gap = 15, ----------------------------- 
2024-12-12 15:50:23,584 - INFO - loss = [0.533238, 0.369036, 0.33198926, 0.30584398, 0.28675708, 0.27185842, 0.26172307, 0.2541154, 0.24517481, 0.23921688, 0.23148566, 0.22568078, 0.21781428, 0.21074562, 0.2052869, 0.19681902, 0.18760057, 0.18336864, 0.1749363, 0.17045768]
2024-12-12 15:50:23,587 - INFO - lr = [0.004, 0.004, 0.004, 0.004, 0.004, 0.004, 0.004, 0.004, 0.004, 0.004, 0.004, 0.004, 0.004, 0.004, 0.004, 0.004, 0.004, 0.004, 0.004, 0.004]
2024-12-12 15:50:24,902 - INFO - 
tensor([[396, 221,   0,   0,   0,   0,   0,   0],
        [186, 432,  10,   8,   0,   0,   0,   0],
        [  0,   0,   0,   0,   0,   0,   0,   0],
        [  0,   0,   0,   0,   0,   0,   0,   0],
        [  0,   0,   0,   0,   0,   0,   0,   0],
        [  0,   0,   0,   0,   0,   0,   0,   0],
        [  0,   0,   0,   0,   0,   0,   0,   0],
        [  0,   0,   0,   0,   0,   0,   0,   0]])
2024-12-12 15:50:24,902 - INFO - Accuracy on the test data = [66.08140468597412]
2024-12-12 15:50:25,708 - INFO - -----------------------------  model_cnnLSTM , seq_num = 150, gap = 3, ----------------------------- 
2024-12-12 15:51:58,378 - INFO - loss = [0.35507548, 0.24088916, 0.20951937, 0.18071413, 0.15638407, 0.13577546, 0.117513694, 0.10190056, 0.08732064, 0.07456393]
2024-12-12 15:51:58,382 - INFO - lr = [0.004, 0.004, 0.004, 0.004, 0.004, 0.004, 0.004, 0.004, 0.004, 0.004]
2024-12-12 15:51:59,720 - INFO - 
tensor([[480, 137,   0,   0,   0,   0,   0,   0],
        [ 67, 543,   0,   1,   0,   0,   0,   0],
        [  0,   0,   0,   0,   0,   0,   0,   0],
        [  0,   0,   0,   0,   0,   0,   0,   0],
        [  0,   0,   0,   0,   0,   0,   0,   0],
        [  0,   0,   0,   0,   0,   0,   0,   0],
        [  0,   0,   0,   0,   0,   0,   0,   0],
        [  0,   0,   0,   0,   0,   0,   0,   0]])
2024-12-12 15:51:59,720 - INFO - Accuracy on the test data = [83.30618739128113]
2024-12-12 15:52:00,391 - INFO - -----------------------------  model_cnnLSTM , seq_num = 150, gap = 5, ----------------------------- 
2024-12-12 15:53:22,508 - INFO - loss = [0.39593354, 0.26909623, 0.23842478, 0.21907432, 0.19939297, 0.18208322, 0.16457774, 0.15168855, 0.13755631, 0.12271255, 0.11415674, 0.10295862, 0.089322634, 0.08332118, 0.07692003]
2024-12-12 15:53:22,510 - INFO - lr = [0.004, 0.004, 0.004, 0.004, 0.004, 0.004, 0.004, 0.004, 0.004, 0.004, 0.004, 0.004, 0.004, 0.004, 0.004]
2024-12-12 15:53:23,779 - INFO - 
tensor([[451, 166,   0,   0,   0,   0,   0,   0],
        [ 54, 557,   0,   0,   0,   0,   0,   0],
        [  0,   0,   0,   0,   0,   0,   0,   0],
        [  0,   0,   0,   0,   0,   0,   0,   0],
        [  0,   0,   0,   0,   0,   0,   0,   0],
        [  0,   0,   0,   0,   0,   0,   0,   0],
        [  0,   0,   0,   0,   0,   0,   0,   0],
        [  0,   0,   0,   0,   0,   0,   0,   0]])
2024-12-12 15:53:23,780 - INFO - Accuracy on the test data = [82.08469152450562]
2024-12-12 15:53:24,222 - INFO - -----------------------------  model_cnnLSTM , seq_num = 150, gap = 10, ----------------------------- 
2024-12-12 15:54:14,654 - INFO - loss = [0.46994275, 0.321828, 0.27764124, 0.2534796, 0.23959284, 0.23003097, 0.21859932, 0.20784742, 0.19515146, 0.18515545, 0.17378789, 0.16208467, 0.15816027, 0.14722443, 0.13815811, 0.13137662, 0.121444605, 0.1110679, 0.10468527, 0.09600818]
2024-12-12 15:54:14,658 - INFO - lr = [0.004, 0.004, 0.004, 0.004, 0.004, 0.004, 0.004, 0.004, 0.004, 0.004, 0.004, 0.004, 0.004, 0.004, 0.004, 0.004, 0.004, 0.004, 0.004, 0.004]
2024-12-12 15:54:15,920 - INFO - 
tensor([[393, 224,   0,   0,   0,   0,   0,   0],
        [153, 449,   7,   2,   0,   0,   0,   0],
        [  0,   0,   0,   0,   0,   0,   0,   0],
        [  0,   0,   0,   0,   0,   0,   0,   0],
        [  0,   0,   0,   0,   0,   0,   0,   0],
        [  0,   0,   0,   0,   0,   0,   0,   0],
        [  0,   0,   0,   0,   0,   0,   0,   0],
        [  0,   0,   0,   0,   0,   0,   0,   0]])
2024-12-12 15:54:15,920 - INFO - Accuracy on the test data = [68.56677532196045]
2024-12-12 15:54:16,279 - INFO - -----------------------------  model_cnnLSTM , seq_num = 150, gap = 15, ----------------------------- 
2024-12-12 15:54:49,812 - INFO - loss = [0.53132904, 0.3663454, 0.32212308, 0.29351196, 0.27157184, 0.25557908, 0.2441295, 0.23489232, 0.22744465, 0.21730286, 0.20910746, 0.19887383, 0.1911865, 0.18111996, 0.17454068, 0.17246611, 0.1613425, 0.15318424, 0.14721079, 0.13636975]
2024-12-12 15:54:49,815 - INFO - lr = [0.004, 0.004, 0.004, 0.004, 0.004, 0.004, 0.004, 0.004, 0.004, 0.004, 0.004, 0.004, 0.004, 0.004, 0.004, 0.004, 0.004, 0.004, 0.004, 0.004]
2024-12-12 15:54:51,075 - INFO - 
tensor([[407, 203,   6,   1,   0,   0,   0,   0],
        [124, 446,  40,   1,   0,   0,   0,   0],
        [  0,   0,   0,   0,   0,   0,   0,   0],
        [  0,   0,   0,   0,   0,   0,   0,   0],
        [  0,   0,   0,   0,   0,   0,   0,   0],
        [  0,   0,   0,   0,   0,   0,   0,   0],
        [  0,   0,   0,   0,   0,   0,   0,   0],
        [  0,   0,   0,   0,   0,   0,   0,   0]])
2024-12-12 15:54:51,076 - INFO - Accuracy on the test data = [69.46253776550293]
2024-12-12 15:54:51,955 - INFO - -----------------------------  model_cnnLSTM , seq_num = 200, gap = 3, ----------------------------- 
2024-12-12 15:56:14,071 - INFO - loss = [0.3591199, 0.23642205, 0.20083438, 0.16905853, 0.14416833, 0.11914624, 0.10155213, 0.091149144, 0.072318465]
2024-12-12 15:56:14,076 - INFO - lr = [0.004, 0.004, 0.004, 0.004, 0.004, 0.004, 0.004, 0.004, 0.004]
2024-12-12 15:56:15,335 - INFO - 
tensor([[428, 189,   0,   0,   0,   0,   0,   0],
        [ 57, 529,   0,   0,   0,   0,   0,   0],
        [  0,   0,   0,   0,   0,   0,   0,   0],
        [  0,   0,   0,   0,   0,   0,   0,   0],
        [  0,   0,   0,   0,   0,   0,   0,   0],
        [  0,   0,   0,   0,   0,   0,   0,   0],
        [  0,   0,   0,   0,   0,   0,   0,   0],
        [  0,   0,   0,   0,   0,   0,   0,   0]])
2024-12-12 15:56:15,335 - INFO - Accuracy on the test data = [79.5511245727539]
2024-12-12 15:56:16,065 - INFO - -----------------------------  model_cnnLSTM , seq_num = 200, gap = 5, ----------------------------- 
2024-12-12 15:57:25,965 - INFO - loss = [0.38161018, 0.25265676, 0.22254592, 0.20184398, 0.18177605, 0.16184552, 0.14673573, 0.13396148, 0.11900932, 0.10566377, 0.09586443, 0.08447498, 0.072276995]
2024-12-12 15:57:25,967 - INFO - lr = [0.004, 0.004, 0.004, 0.004, 0.004, 0.004, 0.004, 0.004, 0.004, 0.004, 0.004, 0.004, 0.004]
2024-12-12 15:57:27,226 - INFO - 
tensor([[484, 132,   1,   0,   0,   0,   0,   0],
        [ 63, 504,  19,   0,   0,   0,   0,   0],
        [  0,   0,   0,   0,   0,   0,   0,   0],
        [  0,   0,   0,   0,   0,   0,   0,   0],
        [  0,   0,   0,   0,   0,   0,   0,   0],
        [  0,   0,   0,   0,   0,   0,   0,   0],
        [  0,   0,   0,   0,   0,   0,   0,   0],
        [  0,   0,   0,   0,   0,   0,   0,   0]])
2024-12-12 15:57:27,226 - INFO - Accuracy on the test data = [82.12801218032837]
2024-12-12 15:57:27,695 - INFO - -----------------------------  model_cnnLSTM , seq_num = 200, gap = 10, ----------------------------- 
2024-12-12 15:58:20,324 - INFO - loss = [0.4826908, 0.3268248, 0.28126636, 0.25296175, 0.23510931, 0.2232765, 0.2118958, 0.19937316, 0.18855532, 0.17696081, 0.1656904, 0.15488538, 0.14555946, 0.13471258, 0.12407562, 0.12591936, 0.1170319, 0.10672687, 0.09612544, 0.086676456]
2024-12-12 15:58:20,328 - INFO - lr = [0.004, 0.004, 0.004, 0.004, 0.004, 0.004, 0.004, 0.004, 0.004, 0.004, 0.004, 0.004, 0.004, 0.004, 0.004, 0.004, 0.004, 0.004, 0.004, 0.004]
2024-12-12 15:58:21,573 - INFO - 
tensor([[388, 211,  17,   1,   0,   0,   0,   0],
        [ 60, 499,  27,   0,   0,   0,   0,   0],
        [  0,   0,   0,   0,   0,   0,   0,   0],
        [  0,   0,   0,   0,   0,   0,   0,   0],
        [  0,   0,   0,   0,   0,   0,   0,   0],
        [  0,   0,   0,   0,   0,   0,   0,   0],
        [  0,   0,   0,   0,   0,   0,   0,   0],
        [  0,   0,   0,   0,   0,   0,   0,   0]])
2024-12-12 15:58:21,573 - INFO - Accuracy on the test data = [73.73233437538147]
2024-12-12 15:58:21,957 - INFO - -----------------------------  model_cnnLSTM , seq_num = 200, gap = 15, ----------------------------- 
2024-12-12 15:58:56,053 - INFO - loss = [0.50294185, 0.34630442, 0.29995573, 0.27033058, 0.24979089, 0.23502783, 0.22624926, 0.21796314, 0.20860171, 0.19875039, 0.18973981, 0.18028851, 0.17029934, 0.16140957, 0.15729196, 0.1479361, 0.14137422, 0.13290302, 0.123247884, 0.11493265]
2024-12-12 15:58:56,056 - INFO - lr = [0.004, 0.004, 0.004, 0.004, 0.004, 0.004, 0.004, 0.004, 0.004, 0.004, 0.004, 0.004, 0.004, 0.004, 0.004, 0.004, 0.004, 0.004, 0.004, 0.004]
2024-12-12 15:58:57,433 - INFO - 
tensor([[422, 156,  39,   0,   0,   0,   0,   0],
        [111, 420,  55,   0,   0,   0,   0,   0],
        [  0,   0,   0,   0,   0,   0,   0,   0],
        [  0,   0,   0,   0,   0,   0,   0,   0],
        [  0,   0,   0,   0,   0,   0,   0,   0],
        [  0,   0,   0,   0,   0,   0,   0,   0],
        [  0,   0,   0,   0,   0,   0,   0,   0],
        [  0,   0,   0,   0,   0,   0,   0,   0]])
2024-12-12 15:58:57,433 - INFO - Accuracy on the test data = [69.99168992042542]
