2024-12-12 02:19:48,349 - INFO - -----------------------------  model_cnnLSTM , seq_num = 30, gap = 3, ----------------------------- 
2024-12-12 02:22:20,278 - INFO - loss = [0.42101339, 0.37340766, 0.35753325, 0.31347, 0.27365476, 0.24782015, 0.23387538, 0.21908957, 0.20667134, 0.19769591, 0.18899523, 0.18222871, 0.17108656, 0.17394151, 0.1648167, 0.15229401, 0.14809752, 0.1437166, 0.13747893, 0.13594662]
2024-12-12 02:22:20,279 - INFO - lr = [0.004, 0.004, 0.004, 0.004, 0.004, 0.004, 0.004, 0.004, 0.004, 0.004, 0.004, 0.004, 0.004, 0.004, 0.004, 0.004, 0.004, 0.004, 0.004, 0.004]
2024-12-12 02:22:22,194 - INFO - 
tensor([[525, 103,   0,   0,   0,   0,   0,   0],
        [459, 194,   7,   0,   0,   0,   0,   0],
        [  0,   0,   0,   0,   0,   0,   0,   0],
        [  0,   0,   0,   0,   0,   0,   0,   0],
        [  0,   0,   0,   0,   0,   0,   0,   0],
        [  0,   0,   0,   0,   0,   0,   0,   0],
        [  0,   0,   0,   0,   0,   0,   0,   0],
        [  0,   0,   0,   0,   0,   0,   0,   0]])
2024-12-12 02:22:22,195 - INFO - Accuracy on the test data = [55.82298040390015]
2024-12-12 02:22:22,613 - INFO - -----------------------------  model_cnnLSTM , seq_num = 30, gap = 5, ----------------------------- 
2024-12-12 02:23:53,897 - INFO - loss = [0.44777304, 0.3786421, 0.37274438, 0.35916138, 0.33551073, 0.3037253, 0.28596395, 0.2714939, 0.2665046, 0.2527292, 0.23732023, 0.23459849, 0.21948186, 0.21192202, 0.20453924, 0.19982897, 0.18994263, 0.18767941, 0.17816196, 0.17193536]
2024-12-12 02:23:53,898 - INFO - lr = [0.004, 0.004, 0.004, 0.004, 0.004, 0.004, 0.004, 0.004, 0.004, 0.004, 0.004, 0.004, 0.004, 0.004, 0.004, 0.004, 0.004, 0.004, 0.004, 0.004]
2024-12-12 02:23:55,266 - INFO - 
tensor([[628,   0,   0,   0,   0,   0,   0,   0],
        [660,   0,   0,   0,   0,   0,   0,   0],
        [  0,   0,   0,   0,   0,   0,   0,   0],
        [  0,   0,   0,   0,   0,   0,   0,   0],
        [  0,   0,   0,   0,   0,   0,   0,   0],
        [  0,   0,   0,   0,   0,   0,   0,   0],
        [  0,   0,   0,   0,   0,   0,   0,   0],
        [  0,   0,   0,   0,   0,   0,   0,   0]])
2024-12-12 02:23:55,267 - INFO - Accuracy on the test data = [48.75776469707489]
2024-12-12 02:23:55,703 - INFO - -----------------------------  model_cnnLSTM , seq_num = 30, gap = 10, ----------------------------- 
2024-12-12 02:24:40,772 - INFO - loss = [0.504636, 0.38660407, 0.38152528, 0.3778969, 0.37508512, 0.36783254, 0.3564638, 0.34390604, 0.32983395, 0.31205088, 0.29797548, 0.29015467, 0.28174424, 0.27828106, 0.26906243, 0.26362258, 0.2565501, 0.2519822, 0.24389902, 0.23773673]
2024-12-12 02:24:40,774 - INFO - lr = [0.004, 0.004, 0.004, 0.004, 0.004, 0.004, 0.004, 0.004, 0.004, 0.004, 0.004, 0.004, 0.004, 0.004, 0.004, 0.004, 0.004, 0.004, 0.004, 0.004]
2024-12-12 02:24:42,098 - INFO - 
tensor([[628,   0,   0,   0,   0,   0,   0,   0],
        [660,   0,   0,   0,   0,   0,   0,   0],
        [  0,   0,   0,   0,   0,   0,   0,   0],
        [  0,   0,   0,   0,   0,   0,   0,   0],
        [  0,   0,   0,   0,   0,   0,   0,   0],
        [  0,   0,   0,   0,   0,   0,   0,   0],
        [  0,   0,   0,   0,   0,   0,   0,   0],
        [  0,   0,   0,   0,   0,   0,   0,   0]])
2024-12-12 02:24:42,099 - INFO - Accuracy on the test data = [48.75776469707489]
2024-12-12 02:24:42,396 - INFO - -----------------------------  model_cnnLSTM , seq_num = 30, gap = 15, ----------------------------- 
2024-12-12 02:25:12,383 - INFO - loss = [0.5489266, 0.39474583, 0.38531482, 0.38401556, 0.37759614, 0.37683943, 0.37266734, 0.3699592, 0.36457983, 0.3574141, 0.34716448, 0.33697763, 0.32397318, 0.3099415, 0.29974133, 0.2931837, 0.28606465, 0.2813289, 0.27585527, 0.27340892]
2024-12-12 02:25:12,386 - INFO - lr = [0.004, 0.004, 0.004, 0.004, 0.004, 0.004, 0.004, 0.004, 0.004, 0.004, 0.004, 0.004, 0.004, 0.004, 0.004, 0.004, 0.004, 0.004, 0.004, 0.004]
2024-12-12 02:25:13,767 - INFO - 
tensor([[628,   0,   0,   0,   0,   0,   0,   0],
        [660,   0,   0,   0,   0,   0,   0,   0],
        [  0,   0,   0,   0,   0,   0,   0,   0],
        [  0,   0,   0,   0,   0,   0,   0,   0],
        [  0,   0,   0,   0,   0,   0,   0,   0],
        [  0,   0,   0,   0,   0,   0,   0,   0],
        [  0,   0,   0,   0,   0,   0,   0,   0],
        [  0,   0,   0,   0,   0,   0,   0,   0]])
2024-12-12 02:25:13,767 - INFO - Accuracy on the test data = [48.75776469707489]
2024-12-12 02:25:14,242 - INFO - -----------------------------  model_cnnLSTM , seq_num = 50, gap = 3, ----------------------------- 
2024-12-12 02:27:50,326 - INFO - loss = [0.41983172, 0.37174925, 0.33578688, 0.28054953, 0.25362614, 0.22822331, 0.20483685, 0.18779223, 0.18024066, 0.16168883, 0.15179601, 0.1397674, 0.13100646, 0.12765576, 0.11979639, 0.11010473, 0.101223856, 0.09376579, 0.08998632, 0.0824533]
2024-12-12 02:27:50,328 - INFO - lr = [0.004, 0.004, 0.004, 0.004, 0.004, 0.004, 0.004, 0.004, 0.004, 0.004, 0.004, 0.004, 0.004, 0.004, 0.004, 0.004, 0.004, 0.004, 0.004, 0.004]
2024-12-12 02:27:51,648 - INFO - 
tensor([[344, 260,  14,   0,   0,   0,   0,   0],
        [171, 488,   1,   0,   0,   0,   0,   0],
        [  0,   0,   0,   0,   0,   0,   0,   0],
        [  0,   0,   0,   0,   0,   0,   0,   0],
        [  0,   0,   0,   0,   0,   0,   0,   0],
        [  0,   0,   0,   0,   0,   0,   0,   0],
        [  0,   0,   0,   0,   0,   0,   0,   0],
        [  0,   0,   0,   0,   0,   0,   0,   0]])
2024-12-12 02:27:51,649 - INFO - Accuracy on the test data = [65.10171890258789]
2024-12-12 02:27:52,056 - INFO - -----------------------------  model_cnnLSTM , seq_num = 50, gap = 5, ----------------------------- 
2024-12-12 02:29:33,362 - INFO - loss = [0.4490893, 0.37936574, 0.3742826, 0.36130232, 0.32727972, 0.27880487, 0.24598342, 0.22233883, 0.20355953, 0.1997408, 0.18473156, 0.17356893, 0.16494286, 0.15489715, 0.14820236, 0.14205757, 0.13301317, 0.12759738, 0.12229998, 0.11320895]
2024-12-12 02:29:33,364 - INFO - lr = [0.004, 0.004, 0.004, 0.004, 0.004, 0.004, 0.004, 0.004, 0.004, 0.004, 0.004, 0.004, 0.004, 0.004, 0.004, 0.004, 0.004, 0.004, 0.004, 0.004]
2024-12-12 02:29:34,653 - INFO - 
tensor([[356, 230,  32,   0,   0,   0,   0,   0],
        [374, 285,   0,   0,   0,   1,   0,   0],
        [  0,   0,   0,   0,   0,   0,   0,   0],
        [  0,   0,   0,   0,   0,   0,   0,   0],
        [  0,   0,   0,   0,   0,   0,   0,   0],
        [  0,   0,   0,   0,   0,   0,   0,   0],
        [  0,   0,   0,   0,   0,   0,   0,   0],
        [  0,   0,   0,   0,   0,   0,   0,   0]])
2024-12-12 02:29:34,654 - INFO - Accuracy on the test data = [50.15649199485779]
2024-12-12 02:29:34,990 - INFO - -----------------------------  model_cnnLSTM , seq_num = 50, gap = 10, ----------------------------- 
2024-12-12 02:30:23,069 - INFO - loss = [0.5053043, 0.38568008, 0.38108936, 0.37824252, 0.37341022, 0.36354545, 0.3491587, 0.33354416, 0.31295562, 0.2885378, 0.27641106, 0.27467343, 0.2640364, 0.2553575, 0.24642788, 0.23962197, 0.22838032, 0.21799238, 0.22119696, 0.20959358]
2024-12-12 02:30:23,073 - INFO - lr = [0.004, 0.004, 0.004, 0.004, 0.004, 0.004, 0.004, 0.004, 0.004, 0.004, 0.004, 0.004, 0.004, 0.004, 0.004, 0.004, 0.004, 0.004, 0.004, 0.004]
2024-12-12 02:30:24,382 - INFO - 
tensor([[618,   0,   0,   0,   0,   0,   0,   0],
        [660,   0,   0,   0,   0,   0,   0,   0],
        [  0,   0,   0,   0,   0,   0,   0,   0],
        [  0,   0,   0,   0,   0,   0,   0,   0],
        [  0,   0,   0,   0,   0,   0,   0,   0],
        [  0,   0,   0,   0,   0,   0,   0,   0],
        [  0,   0,   0,   0,   0,   0,   0,   0],
        [  0,   0,   0,   0,   0,   0,   0,   0]])
2024-12-12 02:30:24,382 - INFO - Accuracy on the test data = [48.356807231903076]
2024-12-12 02:30:24,766 - INFO - -----------------------------  model_cnnLSTM , seq_num = 50, gap = 15, ----------------------------- 
2024-12-12 02:30:55,141 - INFO - loss = [0.54606193, 0.394442, 0.3867804, 0.38394228, 0.37894395, 0.37718007, 0.3700579, 0.36344138, 0.3520528, 0.34234074, 0.3327134, 0.31771517, 0.29895744, 0.28475416, 0.27637127, 0.27129352, 0.26680994, 0.2607826, 0.25622955, 0.24840783]
2024-12-12 02:30:55,143 - INFO - lr = [0.004, 0.004, 0.004, 0.004, 0.004, 0.004, 0.004, 0.004, 0.004, 0.004, 0.004, 0.004, 0.004, 0.004, 0.004, 0.004, 0.004, 0.004, 0.004, 0.004]
2024-12-12 02:30:56,422 - INFO - 
tensor([[618,   0,   0,   0,   0,   0,   0,   0],
        [658,   0,   2,   0,   0,   0,   0,   0],
        [  0,   0,   0,   0,   0,   0,   0,   0],
        [  0,   0,   0,   0,   0,   0,   0,   0],
        [  0,   0,   0,   0,   0,   0,   0,   0],
        [  0,   0,   0,   0,   0,   0,   0,   0],
        [  0,   0,   0,   0,   0,   0,   0,   0],
        [  0,   0,   0,   0,   0,   0,   0,   0]])
2024-12-12 02:30:56,423 - INFO - Accuracy on the test data = [48.356807231903076]
2024-12-12 02:30:56,959 - INFO - -----------------------------  model_cnnLSTM , seq_num = 80, gap = 3, ----------------------------- 
2024-12-12 02:33:03,857 - INFO - loss = [0.4234795, 0.3705536, 0.32220057, 0.2578612, 0.23062716, 0.2075785, 0.18496992, 0.16392273, 0.14758322, 0.13483872, 0.121713564, 0.11585991, 0.101525195, 0.09689026, 0.081128925, 0.07428459]
2024-12-12 02:33:03,859 - INFO - lr = [0.004, 0.004, 0.004, 0.004, 0.004, 0.004, 0.004, 0.004, 0.004, 0.004, 0.004, 0.004, 0.004, 0.004, 0.004, 0.004]
2024-12-12 02:33:05,203 - INFO - 
tensor([[564,  53,   0,   0,   0,   0,   0,   0],
        [164, 481,   0,   0,   0,   1,   0,   0],
        [  0,   0,   0,   0,   0,   0,   0,   0],
        [  0,   0,   0,   0,   0,   0,   0,   0],
        [  0,   0,   0,   0,   0,   0,   0,   0],
        [  0,   0,   0,   0,   0,   0,   0,   0],
        [  0,   0,   0,   0,   0,   0,   0,   0],
        [  0,   0,   0,   0,   0,   0,   0,   0]])
2024-12-12 02:33:05,204 - INFO - Accuracy on the test data = [82.73950815200806]
2024-12-12 02:33:05,758 - INFO - -----------------------------  model_cnnLSTM , seq_num = 80, gap = 5, ----------------------------- 
2024-12-12 02:34:39,691 - INFO - loss = [0.44756925, 0.37963918, 0.37202752, 0.34694284, 0.30330628, 0.26526016, 0.2462764, 0.22965622, 0.22259238, 0.2054271, 0.18605742, 0.1851784, 0.16640924, 0.15701096, 0.1461196, 0.13751541, 0.1392625, 0.1238829, 0.11410117, 0.10987152]
2024-12-12 02:34:39,693 - INFO - lr = [0.004, 0.004, 0.004, 0.004, 0.004, 0.004, 0.004, 0.004, 0.004, 0.004, 0.004, 0.004, 0.004, 0.004, 0.004, 0.004, 0.004, 0.004, 0.004, 0.004]
2024-12-12 02:34:40,978 - INFO - 
tensor([[305, 312,   0,   0,   0,   0,   0,   0],
        [109, 536,   0,   0,   1,   0,   0,   0],
        [  0,   0,   0,   0,   0,   0,   0,   0],
        [  0,   0,   0,   0,   0,   0,   0,   0],
        [  0,   0,   0,   0,   0,   0,   0,   0],
        [  0,   0,   0,   0,   0,   0,   0,   0],
        [  0,   0,   0,   0,   0,   0,   0,   0],
        [  0,   0,   0,   0,   0,   0,   0,   0]])
2024-12-12 02:34:40,979 - INFO - Accuracy on the test data = [66.58748984336853]
2024-12-12 02:34:41,317 - INFO - -----------------------------  model_cnnLSTM , seq_num = 80, gap = 10, ----------------------------- 
2024-12-12 02:35:27,797 - INFO - loss = [0.5145415, 0.3919747, 0.38442305, 0.38157746, 0.37885675, 0.37292105, 0.3640141, 0.34781796, 0.33056486, 0.3105033, 0.28480178, 0.2606304, 0.25059786, 0.23817992, 0.22860835, 0.21999171, 0.20751238, 0.19958, 0.18906799, 0.18340999]
2024-12-12 02:35:27,800 - INFO - lr = [0.004, 0.004, 0.004, 0.004, 0.004, 0.004, 0.004, 0.004, 0.004, 0.004, 0.004, 0.004, 0.004, 0.004, 0.004, 0.004, 0.004, 0.004, 0.004, 0.004]
2024-12-12 02:35:29,095 - INFO - 
tensor([[617,   0,   0,   0,   0,   0,   0,   0],
        [646,   0,   0,   0,   0,   0,   0,   0],
        [  0,   0,   0,   0,   0,   0,   0,   0],
        [  0,   0,   0,   0,   0,   0,   0,   0],
        [  0,   0,   0,   0,   0,   0,   0,   0],
        [  0,   0,   0,   0,   0,   0,   0,   0],
        [  0,   0,   0,   0,   0,   0,   0,   0],
        [  0,   0,   0,   0,   0,   0,   0,   0]])
2024-12-12 02:35:29,096 - INFO - Accuracy on the test data = [48.85194003582001]
2024-12-12 02:35:29,390 - INFO - -----------------------------  model_cnnLSTM , seq_num = 80, gap = 15, ----------------------------- 
2024-12-12 02:36:00,312 - INFO - loss = [0.5447514, 0.3962827, 0.38765183, 0.38500878, 0.38051447, 0.38027415, 0.37646255, 0.3730326, 0.3696147, 0.36012986, 0.34612215, 0.33319739, 0.31468078, 0.29180422, 0.271436, 0.2596817, 0.2538223, 0.24357218, 0.23642033, 0.22934572]
2024-12-12 02:36:00,314 - INFO - lr = [0.004, 0.004, 0.004, 0.004, 0.004, 0.004, 0.004, 0.004, 0.004, 0.004, 0.004, 0.004, 0.004, 0.004, 0.004, 0.004, 0.004, 0.004, 0.004, 0.004]
2024-12-12 02:36:01,592 - INFO - 
tensor([[617,   0,   0,   0,   0,   0,   0,   0],
        [646,   0,   0,   0,   0,   0,   0,   0],
        [  0,   0,   0,   0,   0,   0,   0,   0],
        [  0,   0,   0,   0,   0,   0,   0,   0],
        [  0,   0,   0,   0,   0,   0,   0,   0],
        [  0,   0,   0,   0,   0,   0,   0,   0],
        [  0,   0,   0,   0,   0,   0,   0,   0],
        [  0,   0,   0,   0,   0,   0,   0,   0]])
2024-12-12 02:36:01,593 - INFO - Accuracy on the test data = [48.85194003582001]
2024-12-12 02:36:02,191 - INFO - -----------------------------  model_cnnLSTM , seq_num = 100, gap = 3, ----------------------------- 
2024-12-12 02:38:02,409 - INFO - loss = [0.42586976, 0.3750179, 0.33947647, 0.2690857, 0.21650226, 0.18341368, 0.16653268, 0.14544162, 0.1325711, 0.120770305, 0.10533332, 0.09131214, 0.080369204, 0.08024924, 0.071320206]
2024-12-12 02:38:02,411 - INFO - lr = [0.004, 0.004, 0.004, 0.004, 0.004, 0.004, 0.004, 0.004, 0.004, 0.004, 0.004, 0.004, 0.004, 0.004, 0.004]
2024-12-12 02:38:03,735 - INFO - 
tensor([[314, 303,   0,   0,   0,   0,   0,   0],
        [ 11, 625,   0,   0,   0,   0,   0,   0],
        [  0,   0,   0,   0,   0,   0,   0,   0],
        [  0,   0,   0,   0,   0,   0,   0,   0],
        [  0,   0,   0,   0,   0,   0,   0,   0],
        [  0,   0,   0,   0,   0,   0,   0,   0],
        [  0,   0,   0,   0,   0,   0,   0,   0],
        [  0,   0,   0,   0,   0,   0,   0,   0]])
2024-12-12 02:38:03,736 - INFO - Accuracy on the test data = [74.94014501571655]
2024-12-12 02:38:04,229 - INFO - -----------------------------  model_cnnLSTM , seq_num = 100, gap = 5, ----------------------------- 
2024-12-12 02:39:39,024 - INFO - loss = [0.45157278, 0.38074195, 0.3736068, 0.35232523, 0.31252053, 0.25880912, 0.2309753, 0.20817912, 0.1898149, 0.17199753, 0.16323258, 0.1531968, 0.1376252, 0.12711534, 0.1171806, 0.111394495, 0.10048866, 0.09939507, 0.08778824, 0.08340824]
2024-12-12 02:39:39,025 - INFO - lr = [0.004, 0.004, 0.004, 0.004, 0.004, 0.004, 0.004, 0.004, 0.004, 0.004, 0.004, 0.004, 0.004, 0.004, 0.004, 0.004, 0.004, 0.004, 0.004, 0.004]
2024-12-12 02:39:40,308 - INFO - 
tensor([[459, 158,   0,   0,   0,   0,   0,   0],
        [ 56, 580,   0,   0,   0,   0,   0,   0],
        [  0,   0,   0,   0,   0,   0,   0,   0],
        [  0,   0,   0,   0,   0,   0,   0,   0],
        [  0,   0,   0,   0,   0,   0,   0,   0],
        [  0,   0,   0,   0,   0,   0,   0,   0],
        [  0,   0,   0,   0,   0,   0,   0,   0],
        [  0,   0,   0,   0,   0,   0,   0,   0]])
2024-12-12 02:39:40,308 - INFO - Accuracy on the test data = [82.92099237442017]
2024-12-12 02:39:40,672 - INFO - -----------------------------  model_cnnLSTM , seq_num = 100, gap = 10, ----------------------------- 
2024-12-12 02:40:27,711 - INFO - loss = [0.51459104, 0.39202687, 0.38327253, 0.3817483, 0.37912732, 0.37430555, 0.3698385, 0.3607769, 0.3404908, 0.30365467, 0.26564717, 0.23697221, 0.21772163, 0.20007819, 0.1868972, 0.18173698, 0.16785094, 0.15832177, 0.14636946, 0.13897833]
2024-12-12 02:40:27,713 - INFO - lr = [0.004, 0.004, 0.004, 0.004, 0.004, 0.004, 0.004, 0.004, 0.004, 0.004, 0.004, 0.004, 0.004, 0.004, 0.004, 0.004, 0.004, 0.004, 0.004, 0.004]
2024-12-12 02:40:28,986 - INFO - 
tensor([[490, 127,   0,   0,   0,   0,   0,   0],
        [252, 384,   0,   0,   0,   0,   0,   0],
        [  0,   0,   0,   0,   0,   0,   0,   0],
        [  0,   0,   0,   0,   0,   0,   0,   0],
        [  0,   0,   0,   0,   0,   0,   0,   0],
        [  0,   0,   0,   0,   0,   0,   0,   0],
        [  0,   0,   0,   0,   0,   0,   0,   0],
        [  0,   0,   0,   0,   0,   0,   0,   0]])
2024-12-12 02:40:28,986 - INFO - Accuracy on the test data = [69.75259184837341]
2024-12-12 02:40:29,297 - INFO - -----------------------------  model_cnnLSTM , seq_num = 100, gap = 15, ----------------------------- 
2024-12-12 02:41:00,473 - INFO - loss = [0.54063267, 0.4007912, 0.3904625, 0.3862476, 0.382834, 0.3815731, 0.3788421, 0.37659252, 0.3710579, 0.36459002, 0.35177886, 0.33607736, 0.30807462, 0.27172205, 0.25693294, 0.24285905, 0.23014033, 0.21890128, 0.20644641, 0.19822752]
2024-12-12 02:41:00,475 - INFO - lr = [0.004, 0.004, 0.004, 0.004, 0.004, 0.004, 0.004, 0.004, 0.004, 0.004, 0.004, 0.004, 0.004, 0.004, 0.004, 0.004, 0.004, 0.004, 0.004, 0.004]
2024-12-12 02:41:01,768 - INFO - 
tensor([[608,   9,   0,   0,   0,   0,   0,   0],
        [636,   0,   0,   0,   0,   0,   0,   0],
        [  0,   0,   0,   0,   0,   0,   0,   0],
        [  0,   0,   0,   0,   0,   0,   0,   0],
        [  0,   0,   0,   0,   0,   0,   0,   0],
        [  0,   0,   0,   0,   0,   0,   0,   0],
        [  0,   0,   0,   0,   0,   0,   0,   0],
        [  0,   0,   0,   0,   0,   0,   0,   0]])
2024-12-12 02:41:01,769 - INFO - Accuracy on the test data = [48.523542284965515]
2024-12-12 02:41:02,525 - INFO - -----------------------------  model_cnnLSTM , seq_num = 150, gap = 3, ----------------------------- 
2024-12-12 02:42:44,556 - INFO - loss = [0.4220921, 0.36693552, 0.29477325, 0.22779912, 0.19849426, 0.17140101, 0.15327029, 0.13390683, 0.11371431, 0.10015872, 0.09652734, 0.07995132]
2024-12-12 02:42:44,560 - INFO - lr = [0.004, 0.004, 0.004, 0.004, 0.004, 0.004, 0.004, 0.004, 0.004, 0.004, 0.004, 0.004]
2024-12-12 02:42:45,852 - INFO - 
tensor([[405, 212,   0,   0,   0,   0,   0,   0],
        [ 34, 577,   0,   0,   0,   0,   0,   0],
        [  0,   0,   0,   0,   0,   0,   0,   0],
        [  0,   0,   0,   0,   0,   0,   0,   0],
        [  0,   0,   0,   0,   0,   0,   0,   0],
        [  0,   0,   0,   0,   0,   0,   0,   0],
        [  0,   0,   0,   0,   0,   0,   0,   0],
        [  0,   0,   0,   0,   0,   0,   0,   0]])
2024-12-12 02:42:45,852 - INFO - Accuracy on the test data = [79.96742725372314]
2024-12-12 02:42:46,583 - INFO - -----------------------------  model_cnnLSTM , seq_num = 150, gap = 5, ----------------------------- 
2024-12-12 02:44:07,681 - INFO - loss = [0.45269963, 0.3828858, 0.3733669, 0.31215787, 0.2435387, 0.21301168, 0.18710916, 0.1696888, 0.14711675, 0.1356906, 0.12153641, 0.11614442, 0.10489778, 0.09090023, 0.08306556, 0.07701817]
2024-12-12 02:44:07,683 - INFO - lr = [0.004, 0.004, 0.004, 0.004, 0.004, 0.004, 0.004, 0.004, 0.004, 0.004, 0.004, 0.004, 0.004, 0.004, 0.004, 0.004]
2024-12-12 02:44:08,947 - INFO - 
tensor([[463, 154,   0,   0,   0,   0,   0,   0],
        [ 21, 590,   0,   0,   0,   0,   0,   0],
        [  0,   0,   0,   0,   0,   0,   0,   0],
        [  0,   0,   0,   0,   0,   0,   0,   0],
        [  0,   0,   0,   0,   0,   0,   0,   0],
        [  0,   0,   0,   0,   0,   0,   0,   0],
        [  0,   0,   0,   0,   0,   0,   0,   0],
        [  0,   0,   0,   0,   0,   0,   0,   0]])
2024-12-12 02:44:08,947 - INFO - Accuracy on the test data = [85.74918508529663]
2024-12-12 02:44:09,361 - INFO - -----------------------------  model_cnnLSTM , seq_num = 150, gap = 10, ----------------------------- 
2024-12-12 02:44:58,783 - INFO - loss = [0.5072468, 0.3894738, 0.38364825, 0.3791144, 0.36848098, 0.34941417, 0.3251327, 0.2977457, 0.2670018, 0.24354178, 0.22982636, 0.22159515, 0.21092638, 0.20148578, 0.1912079, 0.1824225, 0.17648864, 0.16712327, 0.15797439, 0.14972602]
2024-12-12 02:44:58,786 - INFO - lr = [0.004, 0.004, 0.004, 0.004, 0.004, 0.004, 0.004, 0.004, 0.004, 0.004, 0.004, 0.004, 0.004, 0.004, 0.004, 0.004, 0.004, 0.004, 0.004, 0.004]
2024-12-12 02:45:00,052 - INFO - 
tensor([[617,   0,   0,   0,   0,   0,   0,   0],
        [611,   0,   0,   0,   0,   0,   0,   0],
        [  0,   0,   0,   0,   0,   0,   0,   0],
        [  0,   0,   0,   0,   0,   0,   0,   0],
        [  0,   0,   0,   0,   0,   0,   0,   0],
        [  0,   0,   0,   0,   0,   0,   0,   0],
        [  0,   0,   0,   0,   0,   0,   0,   0],
        [  0,   0,   0,   0,   0,   0,   0,   0]])
2024-12-12 02:45:00,052 - INFO - Accuracy on the test data = [50.244301557540894]
2024-12-12 02:45:00,408 - INFO - -----------------------------  model_cnnLSTM , seq_num = 150, gap = 15, ----------------------------- 
2024-12-12 02:45:32,984 - INFO - loss = [0.5502023, 0.40016374, 0.38872898, 0.38642883, 0.3820082, 0.38122568, 0.3759999, 0.37074575, 0.3591328, 0.34214398, 0.3224853, 0.29488906, 0.2614865, 0.24442725, 0.22912288, 0.21841961, 0.20826001, 0.19728984, 0.18636774, 0.17515557]
2024-12-12 02:45:32,986 - INFO - lr = [0.004, 0.004, 0.004, 0.004, 0.004, 0.004, 0.004, 0.004, 0.004, 0.004, 0.004, 0.004, 0.004, 0.004, 0.004, 0.004, 0.004, 0.004, 0.004, 0.004]
2024-12-12 02:45:34,226 - INFO - 
tensor([[514, 103,   0,   0,   0,   0,   0,   0],
        [388, 223,   0,   0,   0,   0,   0,   0],
        [  0,   0,   0,   0,   0,   0,   0,   0],
        [  0,   0,   0,   0,   0,   0,   0,   0],
        [  0,   0,   0,   0,   0,   0,   0,   0],
        [  0,   0,   0,   0,   0,   0,   0,   0],
        [  0,   0,   0,   0,   0,   0,   0,   0],
        [  0,   0,   0,   0,   0,   0,   0,   0]])
2024-12-12 02:45:34,226 - INFO - Accuracy on the test data = [60.01628637313843]
2024-12-12 02:45:35,089 - INFO - -----------------------------  model_cnnLSTM , seq_num = 200, gap = 3, ----------------------------- 
2024-12-12 02:47:02,250 - INFO - loss = [0.4240741, 0.35794845, 0.27190575, 0.21042532, 0.17825644, 0.14754131, 0.123202406, 0.11221859, 0.09678461, 0.07743891]
2024-12-12 02:47:02,253 - INFO - lr = [0.004, 0.004, 0.004, 0.004, 0.004, 0.004, 0.004, 0.004, 0.004, 0.004]
2024-12-12 02:47:03,490 - INFO - 
tensor([[372, 245,   0,   0,   0,   0,   0,   0],
        [  0, 586,   0,   0,   0,   0,   0,   0],
        [  0,   0,   0,   0,   0,   0,   0,   0],
        [  0,   0,   0,   0,   0,   0,   0,   0],
        [  0,   0,   0,   0,   0,   0,   0,   0],
        [  0,   0,   0,   0,   0,   0,   0,   0],
        [  0,   0,   0,   0,   0,   0,   0,   0],
        [  0,   0,   0,   0,   0,   0,   0,   0]])
2024-12-12 02:47:03,491 - INFO - Accuracy on the test data = [79.63424921035767]
2024-12-12 02:47:04,178 - INFO - -----------------------------  model_cnnLSTM , seq_num = 200, gap = 5, ----------------------------- 
2024-12-12 02:48:31,538 - INFO - loss = [0.4511058, 0.38333756, 0.36614192, 0.32078812, 0.25755292, 0.22379643, 0.2020899, 0.18215084, 0.16988176, 0.15075454, 0.13724913, 0.12048151, 0.12727727, 0.10753432, 0.09617579, 0.08774203, 0.07760543]
2024-12-12 02:48:31,540 - INFO - lr = [0.004, 0.004, 0.004, 0.004, 0.004, 0.004, 0.004, 0.004, 0.004, 0.004, 0.004, 0.004, 0.004, 0.004, 0.004, 0.004, 0.004]
2024-12-12 02:48:32,790 - INFO - 
tensor([[368, 249,   0,   0,   0,   0,   0,   0],
        [221, 365,   0,   0,   0,   0,   0,   0],
        [  0,   0,   0,   0,   0,   0,   0,   0],
        [  0,   0,   0,   0,   0,   0,   0,   0],
        [  0,   0,   0,   0,   0,   0,   0,   0],
        [  0,   0,   0,   0,   0,   0,   0,   0],
        [  0,   0,   0,   0,   0,   0,   0,   0],
        [  0,   0,   0,   0,   0,   0,   0,   0]])
2024-12-12 02:48:32,791 - INFO - Accuracy on the test data = [60.93100309371948]
2024-12-12 02:48:33,225 - INFO - -----------------------------  model_cnnLSTM , seq_num = 200, gap = 10, ----------------------------- 
2024-12-12 02:49:24,014 - INFO - loss = [0.5060888, 0.38957715, 0.3853792, 0.3808781, 0.37471685, 0.35929316, 0.33043885, 0.2911987, 0.24653538, 0.2283387, 0.2142081, 0.19913572, 0.18380448, 0.17960586, 0.17269692, 0.16035944, 0.14769956, 0.13637966, 0.12858659, 0.12683164]
2024-12-12 02:49:24,017 - INFO - lr = [0.004, 0.004, 0.004, 0.004, 0.004, 0.004, 0.004, 0.004, 0.004, 0.004, 0.004, 0.004, 0.004, 0.004, 0.004, 0.004, 0.004, 0.004, 0.004, 0.004]
2024-12-12 02:49:25,328 - INFO - 
tensor([[544,  73,   0,   0,   0,   0,   0,   0],
        [213, 373,   0,   0,   0,   0,   0,   0],
        [  0,   0,   0,   0,   0,   0,   0,   0],
        [  0,   0,   0,   0,   0,   0,   0,   0],
        [  0,   0,   0,   0,   0,   0,   0,   0],
        [  0,   0,   0,   0,   0,   0,   0,   0],
        [  0,   0,   0,   0,   0,   0,   0,   0],
        [  0,   0,   0,   0,   0,   0,   0,   0]])
2024-12-12 02:49:25,328 - INFO - Accuracy on the test data = [76.22610330581665]
2024-12-12 02:49:25,687 - INFO - -----------------------------  model_cnnLSTM , seq_num = 200, gap = 15, ----------------------------- 
2024-12-12 02:49:59,702 - INFO - loss = [0.5392491, 0.39875865, 0.38861513, 0.38776207, 0.38382018, 0.38091436, 0.37546822, 0.36220798, 0.34463498, 0.32170346, 0.29531813, 0.26304707, 0.23946702, 0.22620265, 0.21977873, 0.21150334, 0.20275831, 0.19487207, 0.18977503, 0.18024485]
2024-12-12 02:49:59,704 - INFO - lr = [0.004, 0.004, 0.004, 0.004, 0.004, 0.004, 0.004, 0.004, 0.004, 0.004, 0.004, 0.004, 0.004, 0.004, 0.004, 0.004, 0.004, 0.004, 0.004, 0.004]
2024-12-12 02:50:00,932 - INFO - 
tensor([[617,   0,   0,   0,   0,   0,   0,   0],
        [586,   0,   0,   0,   0,   0,   0,   0],
        [  0,   0,   0,   0,   0,   0,   0,   0],
        [  0,   0,   0,   0,   0,   0,   0,   0],
        [  0,   0,   0,   0,   0,   0,   0,   0],
        [  0,   0,   0,   0,   0,   0,   0,   0],
        [  0,   0,   0,   0,   0,   0,   0,   0],
        [  0,   0,   0,   0,   0,   0,   0,   0]])
2024-12-12 02:50:00,934 - INFO - Accuracy on the test data = [51.28844380378723]

