
2024-12-12 11:44:46,370 - INFO - -----------------------------  model_cnnLSTM , seq_num = 30, gap = 3, ----------------------------- 
2024-12-12 11:47:29,668 - INFO - loss = [0.3598653, 0.283104, 0.26670468, 0.25050607, 0.23479795, 0.21681415, 0.20653732, 0.19664274, 0.19033201, 0.17848618, 0.17679967, 0.16997482, 0.16306478, 0.1543453, 0.15308413, 0.14204751, 0.13680358, 0.12640443, 0.12614395, 0.123067446]
2024-12-12 11:47:29,669 - INFO - lr = [0.004, 0.004, 0.004, 0.004, 0.004, 0.004, 0.004, 0.004, 0.004, 0.004, 0.004, 0.004, 0.004, 0.004, 0.004, 0.004, 0.004, 0.004, 0.004, 0.004]
2024-12-12 11:47:30,989 - INFO - 
tensor([[598,  30,   0,   0,   0,   0,   0,   0],
        [619,  41,   0,   0,   0,   0,   0,   0],
        [  0,   0,   0,   0,   0,   0,   0,   0],
        [  0,   0,   0,   0,   0,   0,   0,   0],
        [  0,   0,   0,   0,   0,   0,   0,   0],
        [  0,   0,   0,   0,   0,   0,   0,   0],
        [  0,   0,   0,   0,   0,   0,   0,   0],
        [  0,   0,   0,   0,   0,   0,   0,   0]])
2024-12-12 11:47:30,990 - INFO - Accuracy on the test data = [49.61180090904236]
2024-12-12 11:47:31,425 - INFO - -----------------------------  model_cnnLSTM , seq_num = 30, gap = 5, ----------------------------- 
2024-12-12 11:49:04,379 - INFO - loss = [0.3941, 0.29857573, 0.2816368, 0.27278984, 0.26317605, 0.25079298, 0.24043992, 0.22691521, 0.21430655, 0.20431393, 0.19673577, 0.18815921, 0.18109204, 0.17263028, 0.16703561, 0.16097818, 0.15083793, 0.15120319, 0.13819844, 0.12739198]
2024-12-12 11:49:04,380 - INFO - lr = [0.004, 0.004, 0.004, 0.004, 0.004, 0.004, 0.004, 0.004, 0.004, 0.004, 0.004, 0.004, 0.004, 0.004, 0.004, 0.004, 0.004, 0.004, 0.004, 0.004]
2024-12-12 11:49:05,702 - INFO - 
tensor([[552,  76,   0,   0,   0,   0,   0,   0],
        [588,  72,   0,   0,   0,   0,   0,   0],
        [  0,   0,   0,   0,   0,   0,   0,   0],
        [  0,   0,   0,   0,   0,   0,   0,   0],
        [  0,   0,   0,   0,   0,   0,   0,   0],
        [  0,   0,   0,   0,   0,   0,   0,   0],
        [  0,   0,   0,   0,   0,   0,   0,   0],
        [  0,   0,   0,   0,   0,   0,   0,   0]])
2024-12-12 11:49:05,703 - INFO - Accuracy on the test data = [48.447203636169434]
2024-12-12 11:49:06,038 - INFO - -----------------------------  model_cnnLSTM , seq_num = 30, gap = 10, ----------------------------- 
2024-12-12 11:49:50,425 - INFO - loss = [0.45729524, 0.32802838, 0.30335653, 0.29223314, 0.28232405, 0.2766837, 0.27075237, 0.26601943, 0.25948247, 0.25223482, 0.2436739, 0.24636607, 0.2359242, 0.22575033, 0.21604542, 0.20641626, 0.19999947, 0.19303128, 0.18400514, 0.17248945]
2024-12-12 11:49:50,428 - INFO - lr = [0.004, 0.004, 0.004, 0.004, 0.004, 0.004, 0.004, 0.004, 0.004, 0.004, 0.004, 0.004, 0.004, 0.004, 0.004, 0.004, 0.004, 0.004, 0.004, 0.004]
2024-12-12 11:49:51,712 - INFO - 
tensor([[628,   0,   0,   0,   0,   0,   0,   0],
        [660,   0,   0,   0,   0,   0,   0,   0],
        [  0,   0,   0,   0,   0,   0,   0,   0],
        [  0,   0,   0,   0,   0,   0,   0,   0],
        [  0,   0,   0,   0,   0,   0,   0,   0],
        [  0,   0,   0,   0,   0,   0,   0,   0],
        [  0,   0,   0,   0,   0,   0,   0,   0],
        [  0,   0,   0,   0,   0,   0,   0,   0]])
2024-12-12 11:49:51,713 - INFO - Accuracy on the test data = [48.75776469707489]
2024-12-12 11:49:52,003 - INFO - -----------------------------  model_cnnLSTM , seq_num = 30, gap = 15, ----------------------------- 
2024-12-12 11:50:21,486 - INFO - loss = [0.4902914, 0.3403773, 0.31021246, 0.29948854, 0.29227415, 0.28254712, 0.27806404, 0.27333802, 0.26729825, 0.26315105, 0.25751737, 0.25064528, 0.24947448, 0.23973994, 0.23087753, 0.22279537, 0.21144092, 0.22037178, 0.20508899, 0.1946835]
2024-12-12 11:50:21,487 - INFO - lr = [0.004, 0.004, 0.004, 0.004, 0.004, 0.004, 0.004, 0.004, 0.004, 0.004, 0.004, 0.004, 0.004, 0.004, 0.004, 0.004, 0.004, 0.004, 0.004, 0.004]
2024-12-12 11:50:22,768 - INFO - 
tensor([[611,  17,   0,   0,   0,   0,   0,   0],
        [658,   2,   0,   0,   0,   0,   0,   0],
        [  0,   0,   0,   0,   0,   0,   0,   0],
        [  0,   0,   0,   0,   0,   0,   0,   0],
        [  0,   0,   0,   0,   0,   0,   0,   0],
        [  0,   0,   0,   0,   0,   0,   0,   0],
        [  0,   0,   0,   0,   0,   0,   0,   0],
        [  0,   0,   0,   0,   0,   0,   0,   0]])
2024-12-12 11:50:22,769 - INFO - Accuracy on the test data = [47.593167424201965]
2024-12-12 11:50:23,367 - INFO - -----------------------------  model_cnnLSTM , seq_num = 50, gap = 3, ----------------------------- 
2024-12-12 11:52:48,107 - INFO - loss = [0.350457, 0.2634598, 0.24094568, 0.21717271, 0.19653058, 0.1791889, 0.16568214, 0.15265459, 0.14957978, 0.13344297, 0.12711279, 0.12525553, 0.1084888, 0.09952425, 0.097756416, 0.08369622, 0.094272286, 0.09190058, 0.06537764]
2024-12-12 11:52:48,109 - INFO - lr = [0.004, 0.004, 0.004, 0.004, 0.004, 0.004, 0.004, 0.004, 0.004, 0.004, 0.004, 0.004, 0.004, 0.004, 0.004, 0.004, 0.004, 0.002, 0.002]
2024-12-12 11:52:49,406 - INFO - 
tensor([[335, 283,   0,   0,   0,   0,   0,   0],
        [129, 528,   1,   2,   0,   0,   0,   0],
        [  0,   0,   0,   0,   0,   0,   0,   0],
        [  0,   0,   0,   0,   0,   0,   0,   0],
        [  0,   0,   0,   0,   0,   0,   0,   0],
        [  0,   0,   0,   0,   0,   0,   0,   0],
        [  0,   0,   0,   0,   0,   0,   0,   0],
        [  0,   0,   0,   0,   0,   0,   0,   0]])
2024-12-12 11:52:49,407 - INFO - Accuracy on the test data = [67.52738356590271]
2024-12-12 11:52:49,809 - INFO - -----------------------------  model_cnnLSTM , seq_num = 50, gap = 5, ----------------------------- 
2024-12-12 11:54:21,520 - INFO - loss = [0.38811132, 0.28134215, 0.26077566, 0.24668811, 0.23376735, 0.21835795, 0.20456155, 0.1906763, 0.17876145, 0.16641606, 0.16072732, 0.14884853, 0.153394, 0.13415661, 0.123149246, 0.11919758, 0.109781995, 0.09775731, 0.10638374, 0.10854238]
2024-12-12 11:54:21,522 - INFO - lr = [0.004, 0.004, 0.004, 0.004, 0.004, 0.004, 0.004, 0.004, 0.004, 0.004, 0.004, 0.004, 0.004, 0.004, 0.004, 0.004, 0.004, 0.004, 0.004, 0.002]
2024-12-12 11:54:22,827 - INFO - 
tensor([[426, 192,   0,   0,   0,   0,   0,   0],
        [309, 350,   1,   0,   0,   0,   0,   0],
        [  0,   0,   0,   0,   0,   0,   0,   0],
        [  0,   0,   0,   0,   0,   0,   0,   0],
        [  0,   0,   0,   0,   0,   0,   0,   0],
        [  0,   0,   0,   0,   0,   0,   0,   0],
        [  0,   0,   0,   0,   0,   0,   0,   0],
        [  0,   0,   0,   0,   0,   0,   0,   0]])
2024-12-12 11:54:22,828 - INFO - Accuracy on the test data = [60.71987748146057]
2024-12-12 11:54:23,153 - INFO - -----------------------------  model_cnnLSTM , seq_num = 50, gap = 10, ----------------------------- 
2024-12-12 11:55:07,814 - INFO - loss = [0.45526087, 0.31046793, 0.28368777, 0.2694999, 0.25886333, 0.25114837, 0.24220228, 0.23302962, 0.2265791, 0.2207122, 0.20769802, 0.19741723, 0.1874054, 0.17772889, 0.17880538, 0.17318445, 0.1603448, 0.15049121, 0.14169991, 0.1343216]
2024-12-12 11:55:07,816 - INFO - lr = [0.004, 0.004, 0.004, 0.004, 0.004, 0.004, 0.004, 0.004, 0.004, 0.004, 0.004, 0.004, 0.004, 0.004, 0.004, 0.004, 0.004, 0.004, 0.004, 0.004]
2024-12-12 11:55:09,110 - INFO - 
tensor([[456, 152,  10,   0,   0,   0,   0,   0],
        [502, 157,   0,   0,   1,   0,   0,   0],
        [  0,   0,   0,   0,   0,   0,   0,   0],
        [  0,   0,   0,   0,   0,   0,   0,   0],
        [  0,   0,   0,   0,   0,   0,   0,   0],
        [  0,   0,   0,   0,   0,   0,   0,   0],
        [  0,   0,   0,   0,   0,   0,   0,   0],
        [  0,   0,   0,   0,   0,   0,   0,   0]])
2024-12-12 11:55:09,111 - INFO - Accuracy on the test data = [47.96557128429413]
2024-12-12 11:55:09,386 - INFO - -----------------------------  model_cnnLSTM , seq_num = 50, gap = 15, ----------------------------- 
2024-12-12 11:55:38,839 - INFO - loss = [0.49076807, 0.33911732, 0.3035284, 0.28745323, 0.276117, 0.2652258, 0.2581849, 0.25095406, 0.24489278, 0.23671539, 0.22958703, 0.22060299, 0.21738, 0.20609385, 0.19455357, 0.18941748, 0.18016987, 0.16820748, 0.17499329, 0.16648695]
2024-12-12 11:55:38,841 - INFO - lr = [0.004, 0.004, 0.004, 0.004, 0.004, 0.004, 0.004, 0.004, 0.004, 0.004, 0.004, 0.004, 0.004, 0.004, 0.004, 0.004, 0.004, 0.004, 0.004, 0.004]
2024-12-12 11:55:40,129 - INFO - 
tensor([[515,  91,  12,   0,   0,   0,   0,   0],
        [620,  38,   1,   0,   1,   0,   0,   0],
        [  0,   0,   0,   0,   0,   0,   0,   0],
        [  0,   0,   0,   0,   0,   0,   0,   0],
        [  0,   0,   0,   0,   0,   0,   0,   0],
        [  0,   0,   0,   0,   0,   0,   0,   0],
        [  0,   0,   0,   0,   0,   0,   0,   0],
        [  0,   0,   0,   0,   0,   0,   0,   0]])
2024-12-12 11:55:40,129 - INFO - Accuracy on the test data = [43.27073693275452]
2024-12-12 11:55:40,659 - INFO - -----------------------------  model_cnnLSTM , seq_num = 80, gap = 3, ----------------------------- 
2024-12-12 11:57:21,942 - INFO - loss = [0.3467313, 0.24606973, 0.21667627, 0.19174138, 0.16985634, 0.14999753, 0.13684748, 0.12326818, 0.113599055, 0.097231135, 0.09033374, 0.08002936, 0.069499604]
2024-12-12 11:57:21,943 - INFO - lr = [0.004, 0.004, 0.004, 0.004, 0.004, 0.004, 0.004, 0.004, 0.004, 0.004, 0.004, 0.004, 0.004]
2024-12-12 11:57:23,227 - INFO - 
tensor([[565,  52,   0,   0,   0,   0,   0,   0],
        [196, 450,   0,   0,   0,   0,   0,   0],
        [  0,   0,   0,   0,   0,   0,   0,   0],
        [  0,   0,   0,   0,   0,   0,   0,   0],
        [  0,   0,   0,   0,   0,   0,   0,   0],
        [  0,   0,   0,   0,   0,   0,   0,   0],
        [  0,   0,   0,   0,   0,   0,   0,   0],
        [  0,   0,   0,   0,   0,   0,   0,   0]])
2024-12-12 11:57:23,228 - INFO - Accuracy on the test data = [80.36420941352844]
2024-12-12 11:57:23,670 - INFO - -----------------------------  model_cnnLSTM , seq_num = 80, gap = 5, ----------------------------- 
2024-12-12 11:58:44,645 - INFO - loss = [0.37540412, 0.2632299, 0.23833157, 0.22049148, 0.20278768, 0.19129144, 0.17280775, 0.16030972, 0.15018697, 0.13945541, 0.12662755, 0.119836226, 0.11389066, 0.10251475, 0.09385909, 0.08907522, 0.07724222]
2024-12-12 11:58:44,647 - INFO - lr = [0.004, 0.004, 0.004, 0.004, 0.004, 0.004, 0.004, 0.004, 0.004, 0.004, 0.004, 0.004, 0.004, 0.004, 0.004, 0.004, 0.004]
2024-12-12 11:58:45,946 - INFO - 
tensor([[268, 349,   0,   0,   0,   0,   0,   0],
        [141, 503,   0,   2,   0,   0,   0,   0],
        [  0,   0,   0,   0,   0,   0,   0,   0],
        [  0,   0,   0,   0,   0,   0,   0,   0],
        [  0,   0,   0,   0,   0,   0,   0,   0],
        [  0,   0,   0,   0,   0,   0,   0,   0],
        [  0,   0,   0,   0,   0,   0,   0,   0],
        [  0,   0,   0,   0,   0,   0,   0,   0]])
2024-12-12 11:58:45,947 - INFO - Accuracy on the test data = [61.04512810707092]
2024-12-12 11:58:46,284 - INFO - -----------------------------  model_cnnLSTM , seq_num = 80, gap = 10, ----------------------------- 
2024-12-12 11:59:36,541 - INFO - loss = [0.4438935, 0.30763808, 0.2725076, 0.25532657, 0.2426535, 0.23201928, 0.22335258, 0.2130971, 0.20167024, 0.19246463, 0.21311724, 0.19364788, 0.17726573, 0.16967809, 0.16122568, 0.15413381, 0.14722577, 0.13912153, 0.13218407, 0.12334107]
2024-12-12 11:59:36,543 - INFO - lr = [0.004, 0.004, 0.004, 0.004, 0.004, 0.004, 0.004, 0.004, 0.004, 0.004, 0.004, 0.002, 0.002, 0.002, 0.002, 0.002, 0.002, 0.002, 0.002, 0.002]
2024-12-12 11:59:37,833 - INFO - 
tensor([[459, 158,   0,   0,   0,   0,   0,   0],
        [226, 420,   0,   0,   0,   0,   0,   0],
        [  0,   0,   0,   0,   0,   0,   0,   0],
        [  0,   0,   0,   0,   0,   0,   0,   0],
        [  0,   0,   0,   0,   0,   0,   0,   0],
        [  0,   0,   0,   0,   0,   0,   0,   0],
        [  0,   0,   0,   0,   0,   0,   0,   0],
        [  0,   0,   0,   0,   0,   0,   0,   0]])
2024-12-12 11:59:37,833 - INFO - Accuracy on the test data = [69.59620118141174]
2024-12-12 11:59:38,122 - INFO - -----------------------------  model_cnnLSTM , seq_num = 80, gap = 15, ----------------------------- 
2024-12-12 12:00:11,300 - INFO - loss = [0.47317886, 0.32411435, 0.28390086, 0.26697922, 0.25294957, 0.24323244, 0.23451114, 0.2263397, 0.21845166, 0.20948072, 0.20306635, 0.19301903, 0.18148656, 0.1786355, 0.1702197, 0.15898949, 0.148637, 0.14973988, 0.13628185, 0.1290791]
2024-12-12 12:00:11,302 - INFO - lr = [0.004, 0.004, 0.004, 0.004, 0.004, 0.004, 0.004, 0.004, 0.004, 0.004, 0.004, 0.004, 0.004, 0.004, 0.004, 0.004, 0.004, 0.004, 0.004, 0.004]
2024-12-12 12:00:12,596 - INFO - 
tensor([[303, 314,   0,   0,   0,   0,   0,   0],
        [251, 395,   0,   0,   0,   0,   0,   0],
        [  0,   0,   0,   0,   0,   0,   0,   0],
        [  0,   0,   0,   0,   0,   0,   0,   0],
        [  0,   0,   0,   0,   0,   0,   0,   0],
        [  0,   0,   0,   0,   0,   0,   0,   0],
        [  0,   0,   0,   0,   0,   0,   0,   0],
        [  0,   0,   0,   0,   0,   0,   0,   0]])
2024-12-12 12:00:12,597 - INFO - Accuracy on the test data = [55.265241861343384]
2024-12-12 12:00:13,189 - INFO - -----------------------------  model_cnnLSTM , seq_num = 100, gap = 3, ----------------------------- 
2024-12-12 12:01:44,451 - INFO - loss = [0.32173854, 0.22419609, 0.19459607, 0.16523258, 0.14652461, 0.13050672, 0.1194804, 0.1039731, 0.092717774, 0.08871229, 0.07245675]
2024-12-12 12:01:44,454 - INFO - lr = [0.004, 0.004, 0.004, 0.004, 0.004, 0.004, 0.004, 0.004, 0.004, 0.004, 0.004]
2024-12-12 12:01:45,736 - INFO - 
tensor([[290, 327,   0,   0,   0,   0,   0,   0],
        [ 17, 607,   0,  12,   0,   0,   0,   0],
        [  0,   0,   0,   0,   0,   0,   0,   0],
        [  0,   0,   0,   0,   0,   0,   0,   0],
        [  0,   0,   0,   0,   0,   0,   0,   0],
        [  0,   0,   0,   0,   0,   0,   0,   0],
        [  0,   0,   0,   0,   0,   0,   0,   0],
        [  0,   0,   0,   0,   0,   0,   0,   0]])
2024-12-12 12:01:45,737 - INFO - Accuracy on the test data = [71.5881884098053]
2024-12-12 12:01:46,328 - INFO - -----------------------------  model_cnnLSTM , seq_num = 100, gap = 5, ----------------------------- 
2024-12-12 12:02:55,967 - INFO - loss = [0.3741654, 0.25333178, 0.22596292, 0.20544694, 0.18626323, 0.17081651, 0.15334916, 0.14127544, 0.12806109, 0.120884165, 0.108181, 0.10608147, 0.09545989, 0.08262701, 0.07928589]
2024-12-12 12:02:55,969 - INFO - lr = [0.004, 0.004, 0.004, 0.004, 0.004, 0.004, 0.004, 0.004, 0.004, 0.004, 0.004, 0.004, 0.004, 0.004, 0.004]
2024-12-12 12:02:57,244 - INFO - 
tensor([[246, 371,   0,   0,   0,   0,   0,   0],
        [ 47, 583,   0,   6,   0,   0,   0,   0],
        [  0,   0,   0,   0,   0,   0,   0,   0],
        [  0,   0,   0,   0,   0,   0,   0,   0],
        [  0,   0,   0,   0,   0,   0,   0,   0],
        [  0,   0,   0,   0,   0,   0,   0,   0],
        [  0,   0,   0,   0,   0,   0,   0,   0],
        [  0,   0,   0,   0,   0,   0,   0,   0]])
2024-12-12 12:02:57,245 - INFO - Accuracy on the test data = [66.16121530532837]
2024-12-12 12:02:57,610 - INFO - -----------------------------  model_cnnLSTM , seq_num = 100, gap = 10, ----------------------------- 
2024-12-12 12:03:43,925 - INFO - loss = [0.45280313, 0.30226624, 0.26458842, 0.24733832, 0.2334985, 0.22174813, 0.21161574, 0.19982952, 0.1951218, 0.18376955, 0.16979288, 0.15969521, 0.14908782, 0.15177938, 0.14223823, 0.13065091, 0.12164761, 0.10944561, 0.10167294, 0.108143605]
2024-12-12 12:03:43,928 - INFO - lr = [0.004, 0.004, 0.004, 0.004, 0.004, 0.004, 0.004, 0.004, 0.004, 0.004, 0.004, 0.004, 0.004, 0.004, 0.004, 0.004, 0.004, 0.004, 0.004, 0.004]
2024-12-12 12:03:45,203 - INFO - 
tensor([[371, 246,   0,   0,   0,   0,   0,   0],
        [137, 499,   0,   0,   0,   0,   0,   0],
        [  0,   0,   0,   0,   0,   0,   0,   0],
        [  0,   0,   0,   0,   0,   0,   0,   0],
        [  0,   0,   0,   0,   0,   0,   0,   0],
        [  0,   0,   0,   0,   0,   0,   0,   0],
        [  0,   0,   0,   0,   0,   0,   0,   0],
        [  0,   0,   0,   0,   0,   0,   0,   0]])
2024-12-12 12:03:45,204 - INFO - Accuracy on the test data = [69.43336129188538]
2024-12-12 12:03:45,619 - INFO - -----------------------------  model_cnnLSTM , seq_num = 100, gap = 15, ----------------------------- 
2024-12-12 12:04:24,787 - INFO - loss = [0.48622736, 0.3230315, 0.27951252, 0.25957558, 0.24545796, 0.2336178, 0.22363944, 0.2137345, 0.20601495, 0.19770491, 0.18665154, 0.1808316, 0.17974345, 0.16545048, 0.15526661, 0.14708947, 0.13846637, 0.14008504, 0.12940459, 0.114120744]
2024-12-12 12:04:24,789 - INFO - lr = [0.004, 0.004, 0.004, 0.004, 0.004, 0.004, 0.004, 0.004, 0.004, 0.004, 0.004, 0.004, 0.004, 0.004, 0.004, 0.004, 0.004, 0.004, 0.004, 0.004]
2024-12-12 12:04:26,117 - INFO - 
tensor([[474, 143,   0,   0,   0,   0,   0,   0],
        [259, 377,   0,   0,   0,   0,   0,   0],
        [  0,   0,   0,   0,   0,   0,   0,   0],
        [  0,   0,   0,   0,   0,   0,   0,   0],
        [  0,   0,   0,   0,   0,   0,   0,   0],
        [  0,   0,   0,   0,   0,   0,   0,   0],
        [  0,   0,   0,   0,   0,   0,   0,   0],
        [  0,   0,   0,   0,   0,   0,   0,   0]])
2024-12-12 12:04:26,118 - INFO - Accuracy on the test data = [67.917001247406]
2024-12-12 12:04:27,004 - INFO - -----------------------------  model_cnnLSTM , seq_num = 150, gap = 3, ----------------------------- 
2024-12-12 12:05:49,332 - INFO - loss = [0.3313036, 0.22306623, 0.1897509, 0.16145259, 0.13703845, 0.12073633, 0.10351701, 0.091543555, 0.08041035, 0.06715824]
2024-12-12 12:05:49,334 - INFO - lr = [0.004, 0.004, 0.004, 0.004, 0.004, 0.004, 0.004, 0.004, 0.004, 0.004]
2024-12-12 12:05:50,588 - INFO - 
tensor([[327, 290,   0,   0,   0,   0,   0,   0],
        [ 24, 586,   0,   1,   0,   0,   0,   0],
        [  0,   0,   0,   0,   0,   0,   0,   0],
        [  0,   0,   0,   0,   0,   0,   0,   0],
        [  0,   0,   0,   0,   0,   0,   0,   0],
        [  0,   0,   0,   0,   0,   0,   0,   0],
        [  0,   0,   0,   0,   0,   0,   0,   0],
        [  0,   0,   0,   0,   0,   0,   0,   0]])
2024-12-12 12:05:50,589 - INFO - Accuracy on the test data = [74.34853315353394]
2024-12-12 12:05:51,181 - INFO - -----------------------------  model_cnnLSTM , seq_num = 150, gap = 5, ----------------------------- 
2024-12-12 12:06:54,433 - INFO - loss = [0.37196013, 0.24724114, 0.21854714, 0.1972095, 0.17735793, 0.15880668, 0.14297986, 0.12936184, 0.11585353, 0.10109593, 0.092687294, 0.082723245, 0.07866157]
2024-12-12 12:06:54,435 - INFO - lr = [0.004, 0.004, 0.004, 0.004, 0.004, 0.004, 0.004, 0.004, 0.004, 0.004, 0.004, 0.004, 0.004]
2024-12-12 12:06:55,700 - INFO - 
tensor([[499, 118,   0,   0,   0,   0,   0,   0],
        [ 78, 533,   0,   0,   0,   0,   0,   0],
        [  0,   0,   0,   0,   0,   0,   0,   0],
        [  0,   0,   0,   0,   0,   0,   0,   0],
        [  0,   0,   0,   0,   0,   0,   0,   0],
        [  0,   0,   0,   0,   0,   0,   0,   0],
        [  0,   0,   0,   0,   0,   0,   0,   0],
        [  0,   0,   0,   0,   0,   0,   0,   0]])
2024-12-12 12:06:55,700 - INFO - Accuracy on the test data = [84.03908610343933]
2024-12-12 12:06:56,104 - INFO - -----------------------------  model_cnnLSTM , seq_num = 150, gap = 10, ----------------------------- 
2024-12-12 12:07:43,906 - INFO - loss = [0.46390557, 0.2946458, 0.2553126, 0.23806104, 0.22201097, 0.20928128, 0.19745627, 0.18315084, 0.18237257, 0.17296802, 0.16136137, 0.15051693, 0.1406348, 0.12900975, 0.12065825, 0.112028375, 0.10833428, 0.09930344, 0.094507776, 0.09622072]
2024-12-12 12:07:43,909 - INFO - lr = [0.004, 0.004, 0.004, 0.004, 0.004, 0.004, 0.004, 0.004, 0.004, 0.004, 0.004, 0.004, 0.004, 0.004, 0.004, 0.004, 0.004, 0.004, 0.004, 0.004]
2024-12-12 12:07:45,156 - INFO - 
tensor([[529,  88,   0,   0,   0,   0,   0,   0],
        [150, 459,   1,   1,   0,   0,   0,   0],
        [  0,   0,   0,   0,   0,   0,   0,   0],
        [  0,   0,   0,   0,   0,   0,   0,   0],
        [  0,   0,   0,   0,   0,   0,   0,   0],
        [  0,   0,   0,   0,   0,   0,   0,   0],
        [  0,   0,   0,   0,   0,   0,   0,   0],
        [  0,   0,   0,   0,   0,   0,   0,   0]])
2024-12-12 12:07:45,157 - INFO - Accuracy on the test data = [80.45602440834045]
2024-12-12 12:07:45,593 - INFO - -----------------------------  model_cnnLSTM , seq_num = 150, gap = 15, ----------------------------- 
2024-12-12 12:08:16,799 - INFO - loss = [0.48851922, 0.32195035, 0.27518752, 0.25259832, 0.23945403, 0.22604232, 0.21555714, 0.20685989, 0.1974721, 0.18977225, 0.17745759, 0.1666351, 0.15876967, 0.14984524, 0.14024206, 0.13110423, 0.12851886, 0.116235696, 0.108287714, 0.10403106]
2024-12-12 12:08:16,801 - INFO - lr = [0.004, 0.004, 0.004, 0.004, 0.004, 0.004, 0.004, 0.004, 0.004, 0.004, 0.004, 0.004, 0.004, 0.004, 0.004, 0.004, 0.004, 0.004, 0.004, 0.004]
2024-12-12 12:08:18,050 - INFO - 
tensor([[312, 304,   1,   0,   0,   0,   0,   0],
        [ 34, 565,  12,   0,   0,   0,   0,   0],
        [  0,   0,   0,   0,   0,   0,   0,   0],
        [  0,   0,   0,   0,   0,   0,   0,   0],
        [  0,   0,   0,   0,   0,   0,   0,   0],
        [  0,   0,   0,   0,   0,   0,   0,   0],
        [  0,   0,   0,   0,   0,   0,   0,   0],
        [  0,   0,   0,   0,   0,   0,   0,   0]])
2024-12-12 12:08:18,051 - INFO - Accuracy on the test data = [71.41693830490112]
2024-12-12 12:08:18,978 - INFO - -----------------------------  model_cnnLSTM , seq_num = 200, gap = 3, ----------------------------- 
2024-12-12 12:09:27,725 - INFO - loss = [0.31101194, 0.20717837, 0.16923104, 0.1424204, 0.117419176, 0.09805066, 0.09127419, 0.07203574]
2024-12-12 12:09:27,729 - INFO - lr = [0.004, 0.004, 0.004, 0.004, 0.004, 0.004, 0.004, 0.004]
2024-12-12 12:09:28,989 - INFO - 
tensor([[480, 137,   0,   0,   0,   0,   0,   0],
        [ 72, 514,   0,   0,   0,   0,   0,   0],
        [  0,   0,   0,   0,   0,   0,   0,   0],
        [  0,   0,   0,   0,   0,   0,   0,   0],
        [  0,   0,   0,   0,   0,   0,   0,   0],
        [  0,   0,   0,   0,   0,   0,   0,   0],
        [  0,   0,   0,   0,   0,   0,   0,   0],
        [  0,   0,   0,   0,   0,   0,   0,   0]])
2024-12-12 12:09:28,990 - INFO - Accuracy on the test data = [82.6267659664154]
2024-12-12 12:09:29,673 - INFO - -----------------------------  model_cnnLSTM , seq_num = 200, gap = 5, ----------------------------- 
2024-12-12 12:10:25,277 - INFO - loss = [0.36521372, 0.23528138, 0.20515507, 0.17985013, 0.16121331, 0.14479722, 0.1256062, 0.11368747, 0.104430325, 0.09183973, 0.07843833]
2024-12-12 12:10:25,279 - INFO - lr = [0.004, 0.004, 0.004, 0.004, 0.004, 0.004, 0.004, 0.004, 0.004, 0.004, 0.004]
2024-12-12 12:10:26,516 - INFO - 
tensor([[586,  31,   0,   0,   0,   0,   0,   0],
        [200, 386,   0,   0,   0,   0,   0,   0],
        [  0,   0,   0,   0,   0,   0,   0,   0],
        [  0,   0,   0,   0,   0,   0,   0,   0],
        [  0,   0,   0,   0,   0,   0,   0,   0],
        [  0,   0,   0,   0,   0,   0,   0,   0],
        [  0,   0,   0,   0,   0,   0,   0,   0],
        [  0,   0,   0,   0,   0,   0,   0,   0]])
2024-12-12 12:10:26,517 - INFO - Accuracy on the test data = [80.79800605773926]
2024-12-12 12:10:26,946 - INFO - -----------------------------  model_cnnLSTM , seq_num = 200, gap = 10, ----------------------------- 
2024-12-12 12:11:13,165 - INFO - loss = [0.46154618, 0.2927258, 0.25146785, 0.23432314, 0.21739346, 0.20317806, 0.1899378, 0.17717342, 0.16910888, 0.17015763, 0.1535142, 0.14090963, 0.12922889, 0.117077865, 0.10701205, 0.10666641, 0.09388293, 0.08523177, 0.075244576]
2024-12-12 12:11:13,168 - INFO - lr = [0.004, 0.004, 0.004, 0.004, 0.004, 0.004, 0.004, 0.004, 0.004, 0.004, 0.004, 0.004, 0.004, 0.004, 0.004, 0.004, 0.004, 0.004, 0.004]
2024-12-12 12:11:14,414 - INFO - 
tensor([[461, 156,   0,   0,   0,   0,   0,   0],
        [142, 444,   0,   0,   0,   0,   0,   0],
        [  0,   0,   0,   0,   0,   0,   0,   0],
        [  0,   0,   0,   0,   0,   0,   0,   0],
        [  0,   0,   0,   0,   0,   0,   0,   0],
        [  0,   0,   0,   0,   0,   0,   0,   0],
        [  0,   0,   0,   0,   0,   0,   0,   0],
        [  0,   0,   0,   0,   0,   0,   0,   0]])
2024-12-12 12:11:14,415 - INFO - Accuracy on the test data = [75.22859573364258]
2024-12-12 12:11:14,773 - INFO - -----------------------------  model_cnnLSTM , seq_num = 200, gap = 15, ----------------------------- 
2024-12-12 12:11:47,103 - INFO - loss = [0.49717364, 0.31689867, 0.26918426, 0.24723287, 0.23230183, 0.21694167, 0.20536228, 0.193669, 0.18082173, 0.17516696, 0.16466244, 0.15614063, 0.14411588, 0.13481665, 0.13150087, 0.12482949, 0.116914935, 0.10743456, 0.100034036, 0.09467915]
2024-12-12 12:11:47,105 - INFO - lr = [0.004, 0.004, 0.004, 0.004, 0.004, 0.004, 0.004, 0.004, 0.004, 0.004, 0.004, 0.004, 0.004, 0.004, 0.004, 0.004, 0.004, 0.004, 0.004, 0.004]
2024-12-12 12:11:48,340 - INFO - 
tensor([[422, 195,   0,   0,   0,   0,   0,   0],
        [ 61, 525,   0,   0,   0,   0,   0,   0],
        [  0,   0,   0,   0,   0,   0,   0,   0],
        [  0,   0,   0,   0,   0,   0,   0,   0],
        [  0,   0,   0,   0,   0,   0,   0,   0],
        [  0,   0,   0,   0,   0,   0,   0,   0],
        [  0,   0,   0,   0,   0,   0,   0,   0],
        [  0,   0,   0,   0,   0,   0,   0,   0]])
2024-12-12 12:11:48,340 - INFO - Accuracy on the test data = [78.71986627578735]

