2024-12-12 01:45:01,857 - INFO - -----------------------------  model_cnnLSTM , seq_num = 30, gap = 3, ----------------------------- 
2024-12-12 01:47:46,307 - INFO - loss = [0.411624, 0.3255511, 0.28697327, 0.27248624, 0.2531937, 0.23349698, 0.21435729, 0.20486085, 0.19251026, 0.18453132, 0.1781473, 0.16830228, 0.15846196, 0.17159097, 0.1540443, 0.1437373, 0.13873723, 0.13099585, 0.12898363, 0.12159649]
2024-12-12 01:47:46,308 - INFO - lr = [0.004, 0.004, 0.004, 0.004, 0.004, 0.004, 0.004, 0.004, 0.004, 0.004, 0.004, 0.004, 0.004, 0.004, 0.004, 0.004, 0.004, 0.004, 0.004, 0.004]
2024-12-12 01:47:47,619 - INFO - 
tensor([[523, 105,   0,   0,   0,   0,   0,   0],
        [544, 115,   0,   0,   0,   1,   0,   0],
        [  0,   0,   0,   0,   0,   0,   0,   0],
        [  0,   0,   0,   0,   0,   0,   0,   0],
        [  0,   0,   0,   0,   0,   0,   0,   0],
        [  0,   0,   0,   0,   0,   0,   0,   0],
        [  0,   0,   0,   0,   0,   0,   0,   0],
        [  0,   0,   0,   0,   0,   0,   0,   0]])
2024-12-12 01:47:47,620 - INFO - Accuracy on the test data = [49.53416287899017]
2024-12-12 01:47:48,074 - INFO - -----------------------------  model_cnnLSTM , seq_num = 30, gap = 5, ----------------------------- 
2024-12-12 01:49:26,179 - INFO - loss = [0.4419772, 0.36987752, 0.33210617, 0.29670665, 0.28189757, 0.27125055, 0.25820088, 0.24686834, 0.23411578, 0.22007719, 0.20984557, 0.20508403, 0.19450602, 0.1846461, 0.17665692, 0.17112824, 0.16616979, 0.16055907, 0.15125027, 0.14407316]
2024-12-12 01:49:26,181 - INFO - lr = [0.004, 0.004, 0.004, 0.004, 0.004, 0.004, 0.004, 0.004, 0.004, 0.004, 0.004, 0.004, 0.004, 0.004, 0.004, 0.004, 0.004, 0.004, 0.004, 0.004]
2024-12-12 01:49:27,467 - INFO - 
tensor([[601,  27,   0,   0,   0,   0,   0,   0],
        [653,   7,   0,   0,   0,   0,   0,   0],
        [  0,   0,   0,   0,   0,   0,   0,   0],
        [  0,   0,   0,   0,   0,   0,   0,   0],
        [  0,   0,   0,   0,   0,   0,   0,   0],
        [  0,   0,   0,   0,   0,   0,   0,   0],
        [  0,   0,   0,   0,   0,   0,   0,   0],
        [  0,   0,   0,   0,   0,   0,   0,   0]])
2024-12-12 01:49:27,468 - INFO - Accuracy on the test data = [47.204968333244324]
2024-12-12 01:49:27,824 - INFO - -----------------------------  model_cnnLSTM , seq_num = 30, gap = 10, ----------------------------- 
2024-12-12 01:50:16,001 - INFO - loss = [0.49980915, 0.38451794, 0.37609372, 0.3632765, 0.33976942, 0.31344247, 0.30176514, 0.29164007, 0.28368288, 0.27802667, 0.2714864, 0.26555318, 0.25797832, 0.2500865, 0.24350882, 0.23236737, 0.2226068, 0.23065627, 0.22366261, 0.21083161]
2024-12-12 01:50:16,004 - INFO - lr = [0.004, 0.004, 0.004, 0.004, 0.004, 0.004, 0.004, 0.004, 0.004, 0.004, 0.004, 0.004, 0.004, 0.004, 0.004, 0.004, 0.004, 0.004, 0.002, 0.002]
2024-12-12 01:50:17,288 - INFO - 
tensor([[628,   0,   0,   0,   0,   0,   0,   0],
        [660,   0,   0,   0,   0,   0,   0,   0],
        [  0,   0,   0,   0,   0,   0,   0,   0],
        [  0,   0,   0,   0,   0,   0,   0,   0],
        [  0,   0,   0,   0,   0,   0,   0,   0],
        [  0,   0,   0,   0,   0,   0,   0,   0],
        [  0,   0,   0,   0,   0,   0,   0,   0],
        [  0,   0,   0,   0,   0,   0,   0,   0]])
2024-12-12 01:50:17,289 - INFO - Accuracy on the test data = [48.75776469707489]
2024-12-12 01:50:17,587 - INFO - -----------------------------  model_cnnLSTM , seq_num = 30, gap = 15, ----------------------------- 
2024-12-12 01:50:49,479 - INFO - loss = [0.5137606, 0.3907751, 0.38367733, 0.3728147, 0.3647733, 0.34773824, 0.32358432, 0.307822, 0.30122057, 0.29169285, 0.2862173, 0.28151315, 0.2775082, 0.27211127, 0.2681624, 0.26202047, 0.2555336, 0.24855073, 0.24144417, 0.23461409]
2024-12-12 01:50:49,480 - INFO - lr = [0.004, 0.004, 0.004, 0.004, 0.004, 0.004, 0.004, 0.004, 0.004, 0.004, 0.004, 0.004, 0.004, 0.004, 0.004, 0.004, 0.004, 0.004, 0.004, 0.004]
2024-12-12 01:50:50,796 - INFO - 
tensor([[621,   0,   0,   0,   0,   7,   0,   0],
        [660,   0,   0,   0,   0,   0,   0,   0],
        [  0,   0,   0,   0,   0,   0,   0,   0],
        [  0,   0,   0,   0,   0,   0,   0,   0],
        [  0,   0,   0,   0,   0,   0,   0,   0],
        [  0,   0,   0,   0,   0,   0,   0,   0],
        [  0,   0,   0,   0,   0,   0,   0,   0],
        [  0,   0,   0,   0,   0,   0,   0,   0]])
2024-12-12 01:50:50,797 - INFO - Accuracy on the test data = [48.21428656578064]
2024-12-12 01:50:51,310 - INFO - -----------------------------  model_cnnLSTM , seq_num = 50, gap = 3, ----------------------------- 
2024-12-12 01:53:27,141 - INFO - loss = [0.40762514, 0.29752097, 0.26054078, 0.23639148, 0.21025723, 0.18901688, 0.17608306, 0.16859819, 0.150873, 0.14062415, 0.12955981, 0.12498956, 0.11415152, 0.106749244, 0.10823448, 0.09101096, 0.08607243, 0.08224126, 0.07272381]
2024-12-12 01:53:27,142 - INFO - lr = [0.004, 0.004, 0.004, 0.004, 0.004, 0.004, 0.004, 0.004, 0.004, 0.004, 0.004, 0.004, 0.004, 0.004, 0.004, 0.004, 0.004, 0.004, 0.004]
2024-12-12 01:53:28,470 - INFO - 
tensor([[439, 179,   0,   0,   0,   0,   0,   0],
        [325, 334,   0,   0,   0,   0,   1,   0],
        [  0,   0,   0,   0,   0,   0,   0,   0],
        [  0,   0,   0,   0,   0,   0,   0,   0],
        [  0,   0,   0,   0,   0,   0,   0,   0],
        [  0,   0,   0,   0,   0,   0,   0,   0],
        [  0,   0,   0,   0,   0,   0,   0,   0],
        [  0,   0,   0,   0,   0,   0,   0,   0]])
2024-12-12 01:53:28,471 - INFO - Accuracy on the test data = [60.48513054847717]
2024-12-12 01:53:28,904 - INFO - -----------------------------  model_cnnLSTM , seq_num = 50, gap = 5, ----------------------------- 
2024-12-12 01:55:05,556 - INFO - loss = [0.44102186, 0.3627678, 0.30633008, 0.27561617, 0.2620173, 0.24891764, 0.2354977, 0.21902007, 0.2021198, 0.18954816, 0.17576715, 0.1740677, 0.16062015, 0.14986238, 0.14072251, 0.13917178, 0.13272433, 0.120002985, 0.11028612, 0.102113515]
2024-12-12 01:55:05,558 - INFO - lr = [0.004, 0.004, 0.004, 0.004, 0.004, 0.004, 0.004, 0.004, 0.004, 0.004, 0.004, 0.004, 0.004, 0.004, 0.004, 0.004, 0.004, 0.004, 0.004, 0.004]
2024-12-12 01:55:06,874 - INFO - 
tensor([[477, 132,   9,   0,   0,   0,   0,   0],
        [383, 276,   0,   0,   0,   1,   0,   0],
        [  0,   0,   0,   0,   0,   0,   0,   0],
        [  0,   0,   0,   0,   0,   0,   0,   0],
        [  0,   0,   0,   0,   0,   0,   0,   0],
        [  0,   0,   0,   0,   0,   0,   0,   0],
        [  0,   0,   0,   0,   0,   0,   0,   0],
        [  0,   0,   0,   0,   0,   0,   0,   0]])
2024-12-12 01:55:06,875 - INFO - Accuracy on the test data = [58.92018675804138]
2024-12-12 01:55:07,210 - INFO - -----------------------------  model_cnnLSTM , seq_num = 50, gap = 10, ----------------------------- 
2024-12-12 01:55:55,023 - INFO - loss = [0.49846315, 0.38228458, 0.37222153, 0.35697216, 0.32272226, 0.29137492, 0.2781707, 0.26770562, 0.25962484, 0.25084773, 0.24288848, 0.23326597, 0.22230995, 0.21601254, 0.21638542, 0.20325574, 0.1918758, 0.18232845, 0.17650571, 0.16531903]
2024-12-12 01:55:55,027 - INFO - lr = [0.004, 0.004, 0.004, 0.004, 0.004, 0.004, 0.004, 0.004, 0.004, 0.004, 0.004, 0.004, 0.004, 0.004, 0.004, 0.004, 0.004, 0.004, 0.004, 0.004]
2024-12-12 01:55:56,375 - INFO - 
tensor([[587,  31,   0,   0,   0,   0,   0,   0],
        [630,  29,   1,   0,   0,   0,   0,   0],
        [  0,   0,   0,   0,   0,   0,   0,   0],
        [  0,   0,   0,   0,   0,   0,   0,   0],
        [  0,   0,   0,   0,   0,   0,   0,   0],
        [  0,   0,   0,   0,   0,   0,   0,   0],
        [  0,   0,   0,   0,   0,   0,   0,   0],
        [  0,   0,   0,   0,   0,   0,   0,   0]])
2024-12-12 01:55:56,375 - INFO - Accuracy on the test data = [48.20031225681305]
2024-12-12 01:55:56,800 - INFO - -----------------------------  model_cnnLSTM , seq_num = 50, gap = 15, ----------------------------- 
2024-12-12 01:56:28,346 - INFO - loss = [0.52159125, 0.3918077, 0.3818411, 0.36974987, 0.35090676, 0.32471135, 0.29566553, 0.28452718, 0.27646208, 0.26728055, 0.26263008, 0.25512058, 0.24866275, 0.24135363, 0.2347097, 0.22706611, 0.21694188, 0.21190691, 0.20362532, 0.19570671]
2024-12-12 01:56:28,348 - INFO - lr = [0.004, 0.004, 0.004, 0.004, 0.004, 0.004, 0.004, 0.004, 0.004, 0.004, 0.004, 0.004, 0.004, 0.004, 0.004, 0.004, 0.004, 0.004, 0.004, 0.004]
2024-12-12 01:56:29,645 - INFO - 
tensor([[600,   0,  18,   0,   0,   0,   0,   0],
        [623,  34,   2,   0,   1,   0,   0,   0],
        [  0,   0,   0,   0,   0,   0,   0,   0],
        [  0,   0,   0,   0,   0,   0,   0,   0],
        [  0,   0,   0,   0,   0,   0,   0,   0],
        [  0,   0,   0,   0,   0,   0,   0,   0],
        [  0,   0,   0,   0,   0,   0,   0,   0],
        [  0,   0,   0,   0,   0,   0,   0,   0]])
2024-12-12 01:56:29,645 - INFO - Accuracy on the test data = [49.60876405239105]
2024-12-12 01:56:30,229 - INFO - -----------------------------  model_cnnLSTM , seq_num = 80, gap = 3, ----------------------------- 
2024-12-12 01:58:25,358 - INFO - loss = [0.41431314, 0.29257312, 0.24038571, 0.21078348, 0.18661858, 0.16621591, 0.14648132, 0.13299015, 0.12322097, 0.11283064, 0.0992272, 0.0920598, 0.08484394, 0.07577091]
2024-12-12 01:58:25,359 - INFO - lr = [0.004, 0.004, 0.004, 0.004, 0.004, 0.004, 0.004, 0.004, 0.004, 0.004, 0.004, 0.004, 0.004, 0.004]
2024-12-12 01:58:26,651 - INFO - 
tensor([[459, 158,   0,   0,   0,   0,   0,   0],
        [202, 444,   0,   0,   0,   0,   0,   0],
        [  0,   0,   0,   0,   0,   0,   0,   0],
        [  0,   0,   0,   0,   0,   0,   0,   0],
        [  0,   0,   0,   0,   0,   0,   0,   0],
        [  0,   0,   0,   0,   0,   0,   0,   0],
        [  0,   0,   0,   0,   0,   0,   0,   0],
        [  0,   0,   0,   0,   0,   0,   0,   0]])
2024-12-12 01:58:26,652 - INFO - Accuracy on the test data = [71.49643898010254]
2024-12-12 01:58:27,106 - INFO - -----------------------------  model_cnnLSTM , seq_num = 80, gap = 5, ----------------------------- 
2024-12-12 02:00:05,887 - INFO - loss = [0.4401086, 0.35830003, 0.28811795, 0.25442803, 0.23471875, 0.21677029, 0.19468161, 0.19937605, 0.17556497, 0.15953565, 0.14613745, 0.13657556, 0.12502962, 0.1165221, 0.11788383, 0.10221744, 0.092718415, 0.08386436, 0.100222155, 0.10298115]
2024-12-12 02:00:05,889 - INFO - lr = [0.004, 0.004, 0.004, 0.004, 0.004, 0.004, 0.004, 0.004, 0.004, 0.004, 0.004, 0.004, 0.004, 0.004, 0.004, 0.004, 0.004, 0.004, 0.004, 0.002]
2024-12-12 02:00:07,204 - INFO - 
tensor([[518,  99,   0,   0,   0,   0,   0,   0],
        [198, 447,   1,   0,   0,   0,   0,   0],
        [  0,   0,   0,   0,   0,   0,   0,   0],
        [  0,   0,   0,   0,   0,   0,   0,   0],
        [  0,   0,   0,   0,   0,   0,   0,   0],
        [  0,   0,   0,   0,   0,   0,   0,   0],
        [  0,   0,   0,   0,   0,   0,   0,   0],
        [  0,   0,   0,   0,   0,   0,   0,   0]])
2024-12-12 02:00:07,205 - INFO - Accuracy on the test data = [76.40538215637207]
2024-12-12 02:00:07,681 - INFO - -----------------------------  model_cnnLSTM , seq_num = 80, gap = 10, ----------------------------- 
2024-12-12 02:00:57,368 - INFO - loss = [0.50075233, 0.38379344, 0.36782455, 0.33090132, 0.28881675, 0.26839766, 0.25418523, 0.24347362, 0.23389101, 0.22309425, 0.21358469, 0.20318978, 0.19401765, 0.18438554, 0.17347941, 0.16474949, 0.16020209, 0.15189579, 0.13916756, 0.13313238]
2024-12-12 02:00:57,371 - INFO - lr = [0.004, 0.004, 0.004, 0.004, 0.004, 0.004, 0.004, 0.004, 0.004, 0.004, 0.004, 0.004, 0.004, 0.004, 0.004, 0.004, 0.004, 0.004, 0.004, 0.004]
2024-12-12 02:00:58,637 - INFO - 
tensor([[497, 120,   0,   0,   0,   0,   0,   0],
        [248, 397,   0,   1,   0,   0,   0,   0],
        [  0,   0,   0,   0,   0,   0,   0,   0],
        [  0,   0,   0,   0,   0,   0,   0,   0],
        [  0,   0,   0,   0,   0,   0,   0,   0],
        [  0,   0,   0,   0,   0,   0,   0,   0],
        [  0,   0,   0,   0,   0,   0,   0,   0],
        [  0,   0,   0,   0,   0,   0,   0,   0]])
2024-12-12 02:00:58,637 - INFO - Accuracy on the test data = [70.78384757041931]
2024-12-12 02:00:59,072 - INFO - -----------------------------  model_cnnLSTM , seq_num = 80, gap = 15, ----------------------------- 
2024-12-12 02:01:32,018 - INFO - loss = [0.5308413, 0.39448357, 0.38445756, 0.37047276, 0.35019746, 0.32075104, 0.28984788, 0.27201948, 0.26006186, 0.25222543, 0.24404599, 0.23641436, 0.22801037, 0.2193339, 0.21032137, 0.20345359, 0.1941235, 0.18346716, 0.17577432, 0.16475302]
2024-12-12 02:01:32,020 - INFO - lr = [0.004, 0.004, 0.004, 0.004, 0.004, 0.004, 0.004, 0.004, 0.004, 0.004, 0.004, 0.004, 0.004, 0.004, 0.004, 0.004, 0.004, 0.004, 0.004, 0.004]
2024-12-12 02:01:33,310 - INFO - 
tensor([[475, 129,  13,   0,   0,   0,   0,   0],
        [369, 262,   7,   8,   0,   0,   0,   0],
        [  0,   0,   0,   0,   0,   0,   0,   0],
        [  0,   0,   0,   0,   0,   0,   0,   0],
        [  0,   0,   0,   0,   0,   0,   0,   0],
        [  0,   0,   0,   0,   0,   0,   0,   0],
        [  0,   0,   0,   0,   0,   0,   0,   0],
        [  0,   0,   0,   0,   0,   0,   0,   0]])
2024-12-12 02:01:33,311 - INFO - Accuracy on the test data = [58.35312604904175]
2024-12-12 02:01:33,934 - INFO - -----------------------------  model_cnnLSTM , seq_num = 100, gap = 3, ----------------------------- 
2024-12-12 02:03:15,420 - INFO - loss = [0.4153778, 0.29201654, 0.23535544, 0.20486704, 0.17736223, 0.15589727, 0.13764054, 0.12231229, 0.10584535, 0.10555304, 0.08808383, 0.07352063]
2024-12-12 02:03:15,422 - INFO - lr = [0.004, 0.004, 0.004, 0.004, 0.004, 0.004, 0.004, 0.004, 0.004, 0.004, 0.004, 0.004]
2024-12-12 02:03:16,689 - INFO - 
tensor([[402, 215,   0,   0,   0,   0,   0,   0],
        [ 71, 565,   0,   0,   0,   0,   0,   0],
        [  0,   0,   0,   0,   0,   0,   0,   0],
        [  0,   0,   0,   0,   0,   0,   0,   0],
        [  0,   0,   0,   0,   0,   0,   0,   0],
        [  0,   0,   0,   0,   0,   0,   0,   0],
        [  0,   0,   0,   0,   0,   0,   0,   0],
        [  0,   0,   0,   0,   0,   0,   0,   0]])
2024-12-12 02:03:16,689 - INFO - Accuracy on the test data = [77.17478275299072]
2024-12-12 02:03:17,198 - INFO - -----------------------------  model_cnnLSTM , seq_num = 100, gap = 5, ----------------------------- 
2024-12-12 02:04:47,617 - INFO - loss = [0.44223136, 0.34934354, 0.27611864, 0.24614646, 0.22671053, 0.20614886, 0.18762901, 0.17174795, 0.15689465, 0.14379334, 0.13645291, 0.1274995, 0.11472638, 0.110632315, 0.10126849, 0.090014845, 0.08177984, 0.0749018]
2024-12-12 02:04:47,619 - INFO - lr = [0.004, 0.004, 0.004, 0.004, 0.004, 0.004, 0.004, 0.004, 0.004, 0.004, 0.004, 0.004, 0.004, 0.004, 0.004, 0.004, 0.004, 0.004]
2024-12-12 02:04:48,899 - INFO - 
tensor([[502, 115,   0,   0,   0,   0,   0,   0],
        [129, 507,   0,   0,   0,   0,   0,   0],
        [  0,   0,   0,   0,   0,   0,   0,   0],
        [  0,   0,   0,   0,   0,   0,   0,   0],
        [  0,   0,   0,   0,   0,   0,   0,   0],
        [  0,   0,   0,   0,   0,   0,   0,   0],
        [  0,   0,   0,   0,   0,   0,   0,   0],
        [  0,   0,   0,   0,   0,   0,   0,   0]])
2024-12-12 02:04:48,900 - INFO - Accuracy on the test data = [80.5267333984375]
2024-12-12 02:04:49,277 - INFO - -----------------------------  model_cnnLSTM , seq_num = 100, gap = 10, ----------------------------- 
2024-12-12 02:05:39,219 - INFO - loss = [0.4904439, 0.38434935, 0.37058222, 0.3418789, 0.29323673, 0.26092088, 0.24620335, 0.23396474, 0.22265422, 0.21095228, 0.19980103, 0.19021498, 0.17752968, 0.16824877, 0.15923463, 0.15045899, 0.13892965, 0.13453718, 0.12599787, 0.12199559]
2024-12-12 02:05:39,222 - INFO - lr = [0.004, 0.004, 0.004, 0.004, 0.004, 0.004, 0.004, 0.004, 0.004, 0.004, 0.004, 0.004, 0.004, 0.004, 0.004, 0.004, 0.004, 0.004, 0.004, 0.004]
2024-12-12 02:05:40,495 - INFO - 
tensor([[586,  31,   0,   0,   0,   0,   0,   0],
        [309, 327,   0,   0,   0,   0,   0,   0],
        [  0,   0,   0,   0,   0,   0,   0,   0],
        [  0,   0,   0,   0,   0,   0,   0,   0],
        [  0,   0,   0,   0,   0,   0,   0,   0],
        [  0,   0,   0,   0,   0,   0,   0,   0],
        [  0,   0,   0,   0,   0,   0,   0,   0],
        [  0,   0,   0,   0,   0,   0,   0,   0]])
2024-12-12 02:05:40,496 - INFO - Accuracy on the test data = [72.8651225566864]
2024-12-12 02:05:40,854 - INFO - -----------------------------  model_cnnLSTM , seq_num = 100, gap = 15, ----------------------------- 
2024-12-12 02:06:13,855 - INFO - loss = [0.5194457, 0.39081922, 0.3815951, 0.36705664, 0.33581734, 0.2993448, 0.27089247, 0.2592539, 0.24969667, 0.23905317, 0.22942905, 0.22129776, 0.21299344, 0.20374958, 0.19550417, 0.19013381, 0.18483452, 0.17578416, 0.1667688, 0.1569296]
2024-12-12 02:06:13,857 - INFO - lr = [0.004, 0.004, 0.004, 0.004, 0.004, 0.004, 0.004, 0.004, 0.004, 0.004, 0.004, 0.004, 0.004, 0.004, 0.004, 0.004, 0.004, 0.004, 0.004, 0.004]
2024-12-12 02:06:15,150 - INFO - 
tensor([[549,  68,   0,   0,   0,   0,   0,   0],
        [327, 290,  15,   4,   0,   0,   0,   0],
        [  0,   0,   0,   0,   0,   0,   0,   0],
        [  0,   0,   0,   0,   0,   0,   0,   0],
        [  0,   0,   0,   0,   0,   0,   0,   0],
        [  0,   0,   0,   0,   0,   0,   0,   0],
        [  0,   0,   0,   0,   0,   0,   0,   0],
        [  0,   0,   0,   0,   0,   0,   0,   0]])
2024-12-12 02:06:15,151 - INFO - Accuracy on the test data = [66.95929765701294]
2024-12-12 02:06:16,054 - INFO - -----------------------------  model_cnnLSTM , seq_num = 150, gap = 3, ----------------------------- 
2024-12-12 02:07:33,143 - INFO - loss = [0.4026639, 0.25523382, 0.2061773, 0.1686258, 0.13996348, 0.1228849, 0.10290794, 0.089151755, 0.07936728]
2024-12-12 02:07:33,145 - INFO - lr = [0.004, 0.004, 0.004, 0.004, 0.004, 0.004, 0.004, 0.004, 0.004]
2024-12-12 02:07:34,408 - INFO - 
tensor([[491, 126,   0,   0,   0,   0,   0,   0],
        [ 63, 548,   0,   0,   0,   0,   0,   0],
        [  0,   0,   0,   0,   0,   0,   0,   0],
        [  0,   0,   0,   0,   0,   0,   0,   0],
        [  0,   0,   0,   0,   0,   0,   0,   0],
        [  0,   0,   0,   0,   0,   0,   0,   0],
        [  0,   0,   0,   0,   0,   0,   0,   0],
        [  0,   0,   0,   0,   0,   0,   0,   0]])
2024-12-12 02:07:34,408 - INFO - Accuracy on the test data = [84.60912108421326]
2024-12-12 02:07:34,993 - INFO - -----------------------------  model_cnnLSTM , seq_num = 150, gap = 5, ----------------------------- 
2024-12-12 02:08:52,648 - INFO - loss = [0.43160743, 0.33117074, 0.25256035, 0.22433051, 0.20033494, 0.17795879, 0.15822631, 0.14036205, 0.1243967, 0.113246486, 0.10209885, 0.096330486, 0.082035646, 0.086583234, 0.07582546]
2024-12-12 02:08:52,651 - INFO - lr = [0.004, 0.004, 0.004, 0.004, 0.004, 0.004, 0.004, 0.004, 0.004, 0.004, 0.004, 0.004, 0.004, 0.004, 0.004]
2024-12-12 02:08:53,922 - INFO - 
tensor([[489, 128,   0,   0,   0,   0,   0,   0],
        [ 55, 556,   0,   0,   0,   0,   0,   0],
        [  0,   0,   0,   0,   0,   0,   0,   0],
        [  0,   0,   0,   0,   0,   0,   0,   0],
        [  0,   0,   0,   0,   0,   0,   0,   0],
        [  0,   0,   0,   0,   0,   0,   0,   0],
        [  0,   0,   0,   0,   0,   0,   0,   0],
        [  0,   0,   0,   0,   0,   0,   0,   0]])
2024-12-12 02:08:53,923 - INFO - Accuracy on the test data = [85.09771823883057]
2024-12-12 02:08:54,474 - INFO - -----------------------------  model_cnnLSTM , seq_num = 150, gap = 10, ----------------------------- 
2024-12-12 02:09:45,954 - INFO - loss = [0.4999503, 0.38352934, 0.35569745, 0.3003898, 0.25847825, 0.24198386, 0.22580653, 0.21265693, 0.19814345, 0.18457605, 0.17284882, 0.16002211, 0.15001781, 0.14194174, 0.13373001, 0.12273207, 0.12028945, 0.10989393, 0.103489995, 0.101977676]
2024-12-12 02:09:45,957 - INFO - lr = [0.004, 0.004, 0.004, 0.004, 0.004, 0.004, 0.004, 0.004, 0.004, 0.004, 0.004, 0.004, 0.004, 0.004, 0.004, 0.004, 0.004, 0.004, 0.004, 0.004]
2024-12-12 02:09:47,218 - INFO - 
tensor([[540,  77,   0,   0,   0,   0,   0,   0],
        [218, 393,   0,   0,   0,   0,   0,   0],
        [  0,   0,   0,   0,   0,   0,   0,   0],
        [  0,   0,   0,   0,   0,   0,   0,   0],
        [  0,   0,   0,   0,   0,   0,   0,   0],
        [  0,   0,   0,   0,   0,   0,   0,   0],
        [  0,   0,   0,   0,   0,   0,   0,   0],
        [  0,   0,   0,   0,   0,   0,   0,   0]])
2024-12-12 02:09:47,218 - INFO - Accuracy on the test data = [75.9772002696991]
2024-12-12 02:09:47,568 - INFO - -----------------------------  model_cnnLSTM , seq_num = 150, gap = 15, ----------------------------- 
2024-12-12 02:10:21,731 - INFO - loss = [0.5356557, 0.39605883, 0.380205, 0.35942933, 0.32434705, 0.28244296, 0.25828633, 0.24529856, 0.2327251, 0.22182517, 0.21146435, 0.20107001, 0.18961917, 0.18021882, 0.16891713, 0.16215241, 0.15524459, 0.1449491, 0.13752879, 0.12956811]
2024-12-12 02:10:21,732 - INFO - lr = [0.004, 0.004, 0.004, 0.004, 0.004, 0.004, 0.004, 0.004, 0.004, 0.004, 0.004, 0.004, 0.004, 0.004, 0.004, 0.004, 0.004, 0.004, 0.004, 0.004]
2024-12-12 02:10:22,991 - INFO - 
tensor([[557,  59,   1,   0,   0,   0,   0,   0],
        [373, 238,   0,   0,   0,   0,   0,   0],
        [  0,   0,   0,   0,   0,   0,   0,   0],
        [  0,   0,   0,   0,   0,   0,   0,   0],
        [  0,   0,   0,   0,   0,   0,   0,   0],
        [  0,   0,   0,   0,   0,   0,   0,   0],
        [  0,   0,   0,   0,   0,   0,   0,   0],
        [  0,   0,   0,   0,   0,   0,   0,   0]])
2024-12-12 02:10:22,992 - INFO - Accuracy on the test data = [64.73941206932068]
2024-12-12 02:10:23,840 - INFO - -----------------------------  model_cnnLSTM , seq_num = 200, gap = 3, ----------------------------- 
2024-12-12 02:11:34,952 - INFO - loss = [0.39665568, 0.24199094, 0.19076487, 0.1525287, 0.12990128, 0.10836509, 0.09617348, 0.0781672]
2024-12-12 02:11:34,953 - INFO - lr = [0.004, 0.004, 0.004, 0.004, 0.004, 0.004, 0.004, 0.004]
2024-12-12 02:11:36,192 - INFO - 
tensor([[518,  99,   0,   0,   0,   0,   0,   0],
        [ 70, 516,   0,   0,   0,   0,   0,   0],
        [  0,   0,   0,   0,   0,   0,   0,   0],
        [  0,   0,   0,   0,   0,   0,   0,   0],
        [  0,   0,   0,   0,   0,   0,   0,   0],
        [  0,   0,   0,   0,   0,   0,   0,   0],
        [  0,   0,   0,   0,   0,   0,   0,   0],
        [  0,   0,   0,   0,   0,   0,   0,   0]])
2024-12-12 02:11:36,192 - INFO - Accuracy on the test data = [85.95178723335266]
2024-12-12 02:11:36,839 - INFO - -----------------------------  model_cnnLSTM , seq_num = 200, gap = 5, ----------------------------- 
2024-12-12 02:12:51,272 - INFO - loss = [0.4400861, 0.3329315, 0.2510866, 0.21986815, 0.19204126, 0.16890433, 0.15154132, 0.13483933, 0.120737895, 0.109145716, 0.097908564, 0.09007016, 0.08333632, 0.07113254]
2024-12-12 02:12:51,274 - INFO - lr = [0.004, 0.004, 0.004, 0.004, 0.004, 0.004, 0.004, 0.004, 0.004, 0.004, 0.004, 0.004, 0.004, 0.004]
2024-12-12 02:12:52,591 - INFO - 
tensor([[485, 132,   0,   0,   0,   0,   0,   0],
        [ 41, 545,   0,   0,   0,   0,   0,   0],
        [  0,   0,   0,   0,   0,   0,   0,   0],
        [  0,   0,   0,   0,   0,   0,   0,   0],
        [  0,   0,   0,   0,   0,   0,   0,   0],
        [  0,   0,   0,   0,   0,   0,   0,   0],
        [  0,   0,   0,   0,   0,   0,   0,   0],
        [  0,   0,   0,   0,   0,   0,   0,   0]])
2024-12-12 02:12:52,592 - INFO - Accuracy on the test data = [85.61928272247314]
2024-12-12 02:12:53,191 - INFO - -----------------------------  model_cnnLSTM , seq_num = 200, gap = 10, ----------------------------- 
2024-12-12 02:13:45,722 - INFO - loss = [0.49482396, 0.38368553, 0.34884155, 0.28685147, 0.24728733, 0.23016906, 0.21344474, 0.1986877, 0.1835995, 0.17044416, 0.16040553, 0.14573035, 0.13429429, 0.12845321, 0.11858219, 0.10757346, 0.10807727, 0.10099679, 0.092732966, 0.083382316]
2024-12-12 02:13:45,725 - INFO - lr = [0.004, 0.004, 0.004, 0.004, 0.004, 0.004, 0.004, 0.004, 0.004, 0.004, 0.004, 0.004, 0.004, 0.004, 0.004, 0.004, 0.004, 0.004, 0.004, 0.004]
2024-12-12 02:13:46,955 - INFO - 
tensor([[509, 108,   0,   0,   0,   0,   0,   0],
        [106, 480,   0,   0,   0,   0,   0,   0],
        [  0,   0,   0,   0,   0,   0,   0,   0],
        [  0,   0,   0,   0,   0,   0,   0,   0],
        [  0,   0,   0,   0,   0,   0,   0,   0],
        [  0,   0,   0,   0,   0,   0,   0,   0],
        [  0,   0,   0,   0,   0,   0,   0,   0],
        [  0,   0,   0,   0,   0,   0,   0,   0]])
2024-12-12 02:13:46,956 - INFO - Accuracy on the test data = [82.21113681793213]
2024-12-12 02:13:47,327 - INFO - -----------------------------  model_cnnLSTM , seq_num = 200, gap = 15, ----------------------------- 
2024-12-12 02:14:22,342 - INFO - loss = [0.5189148, 0.39375713, 0.37638304, 0.34478387, 0.2975609, 0.25979033, 0.24370067, 0.23108959, 0.21785372, 0.20762806, 0.19710894, 0.184152, 0.17247826, 0.16187027, 0.15063547, 0.14168684, 0.13793148, 0.12642598, 0.11883759, 0.11312192]
2024-12-12 02:14:22,344 - INFO - lr = [0.004, 0.004, 0.004, 0.004, 0.004, 0.004, 0.004, 0.004, 0.004, 0.004, 0.004, 0.004, 0.004, 0.004, 0.004, 0.004, 0.004, 0.004, 0.004, 0.004]
2024-12-12 02:14:23,569 - INFO - 
tensor([[568,  49,   0,   0,   0,   0,   0,   0],
        [276, 310,   0,   0,   0,   0,   0,   0],
        [  0,   0,   0,   0,   0,   0,   0,   0],
        [  0,   0,   0,   0,   0,   0,   0,   0],
        [  0,   0,   0,   0,   0,   0,   0,   0],
        [  0,   0,   0,   0,   0,   0,   0,   0],
        [  0,   0,   0,   0,   0,   0,   0,   0],
        [  0,   0,   0,   0,   0,   0,   0,   0]])
2024-12-12 02:14:23,570 - INFO - Accuracy on the test data = [72.98420667648315]
 ----------------------------- 
